248.799645801811	85.5660056051878	0.0369087847109881
321.299893571161	84.2673561594519	0.0202582392041961
20.3740622451951	83.2123234690338	0.0197681879894276
71.1929169981323	82.3079340373091	0.0625190038100243
116.843509968236	81.5053821698775	0.067385495221373
158.375747370864	80.7624355621139	0.0220279264697751
196.935138476176	80.0634599322258	0.0249337933716447
232.99498375084	79.4279316821249	0.00618428878891564
266.980722545655	78.8265423522648	359.975607499627
299.267626171221	78.2457604554004	0.0220810898150887
330.07250835363	77.6881014775467	359.975228065571
359.596191276897	77.1623098414826	359.924341901936
27.9851426170443	76.6533473970536	0.017041487671321
55.3122945308764	76.1821605334435	0.0588855378645974
81.7124924176148	75.7083132955244	359.933134815971
107.295878363089	75.2426278840109	359.949495664264
132.193828345241	74.7971979912421	0.0361078368655114
156.279599706019	74.3741736366504	359.972266197303
179.847888895373	73.9506372743204	359.944150132818
202.767727724414	73.5411229594752	359.982443037252
225.179951849647	73.1532468121151	359.972316222429
247.045828255231	72.7542687031239	359.995759202413
268.477876295678	72.3675833233564	359.953500908848
289.422272519661	71.9975342952992	359.971717819163
310.066737091667	71.6395459462502	359.983420508872
330.211222143288	71.2747124389695	359.979800827174
350.045888889709	70.9284853073371	359.981534427543
9.54829815705033	70.580066182019	359.99882618714
28.689532118334	70.2413473671046	0.108423632624437
47.4694177288079	69.8990037274634	0.0628082724196588
65.990054910082	69.5550570428497	0.0119305095152527
84.2420939599452	69.2382753845976	0.0152582897657965
102.250787154086	68.9169354175605	359.998075413942
119.928183162837	68.5994156662498	359.977503037492
137.449702430894	68.2877669333509	0.0646285215584896
154.674627308163	67.991363607314	0.0181555482957378
171.677162731107	67.6782879896286	359.986221539197
188.451759130814	67.3891625041154	359.9033989246
205.045463681232	67.0903005362142	0.017450996738944
221.474153160998	66.791066404133	359.984653714433
237.614048561243	66.510144036901	359.941613265514
253.652205454291	66.2169335791132	0.0155043099981924
269.466594639277	65.9435359018255	359.977329313861
285.133763246887	65.6521677438367	0.0573670824888097
300.65611343904	65.37428837388	0.051442006139041
315.970962839025	65.0999347497853	0.0230345513943746
331.136895543056	64.8312442446881	359.971679097459
346.167624524692	64.5751798509585	0.0363591970292418
1.05064786410348	64.2980896798335	0.00661560402397754
15.7721664823517	64.0348924391162	0.00367546855775913
30.3458414921077	63.7693239519206	359.967475903316
44.8093117525854	63.5211588775083	359.948739606162
59.2140297520384	63.2647520084706	0.108113415492852
73.3693979183432	63.022371896094	359.975379489709
87.4595194268519	62.7596938213194	359.961551593968
101.461102687914	62.5194998071426	0.0310842115930825
115.256391951461	62.2763156791955	359.91119714855
129.043965618045	62.015823080009	0.0348981306578082
142.643551954615	61.7740385504483	359.997180777564
156.184723595704	61.5350246125183	0.0259008579693329
169.596916919094	61.2997534304057	0.0443760767484775
182.916222011267	61.0475025662616	0.00182328814616994
196.108852603713	60.8197458366609	359.993586222231
209.227953668575	60.5816547390447	0.0269965251233089
222.293905604549	60.3504411657338	0.0267699509622048
235.209205298337	60.1189494066855	0.0412709854984428
248.047952199763	59.9054048400376	359.97171309838
260.814641416179	59.6717086281514	0.0466537028686389
273.485370839575	59.4412099972286	359.983945094725
286.049488914086	59.2244558870841	359.987663339055
298.548464110433	58.9948598812101	359.996866595088
310.973320782129	58.7823256674558	0.00536180174177048
323.321791857202	58.5499981556892	0.0136160103292013
335.619173079519	58.3382667668649	0.0191785551554062
347.795933199757	58.1298417423757	359.989712833947
359.934395788589	57.8996479128371	359.96612483912
11.9627258370705	57.684153550455	0.0522700028334953
23.9504213134516	57.4672478037803	0.0372774923861812
35.8276280863692	57.2661245327979	0.0228418971979067
47.6830818129359	57.0617115503379	0.0194786398515419
59.4341522217287	56.850989298599	359.968194452772
71.1500409692933	56.632299858878	0.0395998904591863
82.7857341928546	56.4272653009059	0.0263811699844325
94.3468661058555	56.2255785472516	359.995949825099
105.858248390955	56.0041228599161	0.0523543875021915
117.366427310617	55.8101467467604	359.952486857269
128.733747642372	55.5942124118311	0.00821953219471538
140.046407224984	55.4045470034219	0.0565748796408911
151.361846711706	55.2019220135228	0.0238987829672226
162.543879382086	55.0116068077423	0.0102247132429909
173.708843365712	54.8037457526687	359.952010677185
184.85515426869	54.6084463449813	0.0399761067581892
195.904192130813	54.4078285448944	359.973903166666
206.896699464055	54.2035703271986	359.985253902
217.84959885455	54.0209283016018	0.036360790896282
228.752834590727	53.8486684658558	359.849646212081
239.593697520241	53.6196842990273	359.963369689779
250.38924564197	53.4383980169241	359.973624769124
261.15473711842	53.2531542107393	359.963800016417
271.869336840217	53.0507101757136	0.0298655889616839
282.505140727992	52.8729164296403	359.974117932908
293.152838906513	52.663984906159	359.987585151524
303.698706251808	52.4821596773275	0.0311447742128621
314.204974022355	52.302308082768	359.994985876382
324.714882681079	52.1231179027283	0.119311339422609
335.101568955093	51.9222900069141	0.0119119744437342
345.486579210221	51.7395200474229	0.0407779879363375
355.865168273373	51.5587489414756	359.996923437283
6.17095014589937	51.3760788509877	359.980711843246
16.4426449965748	51.1893435843353	0.0451382568917609
26.6377186989012	51.0063304383222	359.982157664317
36.8157954979006	50.8339753381021	359.970529829615
46.9797166839031	50.6459895947251	0.0085702743177194
57.0817519747732	50.4565100345041	0.0343392571391234
67.1510244497541	50.2830656678355	359.992112928075
77.194694721898	50.0988892669496	359.990663514492
87.1724902683005	49.930007600189	0.0646195402385956
97.1240957123912	49.7431897132613	0.0227620746168213
107.031545846581	49.5807564050715	0.0121821641923532
116.912601149798	49.3913469860358	0.00986135513079489
126.780156985846	49.235840108109	359.891841532671
136.579119996731	49.0546822726449	0.0143809763921183
146.342666269818	48.8674394689857	0.00814327515982427
156.112922803641	48.6860862349735	0.00879887704280691
165.768748277047	48.5210052097982	0.0509776754593929
175.479747542417	48.3537056166476	359.957413998914
185.118175160558	48.1742393765585	359.932930105978
194.727960808495	48.0055886941305	359.961735165053
204.308723457218	47.8341667379025	0.016906577273744
213.875536811239	47.6729185168773	0.00566632866187433
223.359408026105	47.4820581470403	0.064457234230531
232.841051131425	47.3179166752049	359.918447666492
242.31940777607	47.1538529132807	0.0246753518889591
251.763818040042	46.9867067623659	359.986598954801
261.16591933814	46.8337963944357	359.923291209837
270.534178155346	46.6656340997681	0.0101902254080528
279.876056034331	46.4911685322471	359.966260491139
289.167854738755	46.3285895580752	0.0084505885715771
298.447994758134	46.1647592104102	359.999411012791
307.715035949454	46.0045235057301	359.870520330645
316.939239842601	45.8335599799525	359.982346350261
326.120814998569	45.6754269954817	359.939025491973
335.286285332177	45.4981373194282	359.974081973451
344.448489070167	45.3450730857865	359.959229753915
353.556523416369	45.1746253628619	0.0399641147247394
2.69952349447537	44.9959503839923	359.874540262453
11.7275425255914	44.8494689400091	0.0428283789373722
20.7669212393721	44.6831322147119	0.0283780865199503
29.7919112954585	44.531451585246	0.0250509372262968
38.7727308343096	44.3754948310027	0.04050059420004
47.7580157149297	44.208148619217	359.968986897568
56.7071596940094	44.0474670546149	359.990734483812
65.6097415924351	43.8881716395755	0.0703881114443448
74.5245942080793	43.7325018031668	0.0190303833373378
83.3852004521103	43.5716676896032	359.991320435444
92.2394152072057	43.4254146097792	359.983175399436
101.068507409163	43.2693112799394	359.988965971757
109.891353098181	43.1032348737977	0.037737281901741
118.647468230844	42.9496546457943	0.0439692125798672
127.422167425202	42.7896867100471	359.996213363523
136.142190561009	42.6283755552028	359.977110555187
144.852704456303	42.470238385248	359.968738046021
153.543747766314	42.3143536013571	359.972783424741
162.215593755846	42.1770263574604	359.991215994832
170.881913763926	42.0025755129032	0.00382591304909852
179.505718373343	41.8648022107952	0.0369302831803395
188.131589052548	41.7130702398156	0.00348370055007763
196.706539472184	41.5551100672517	0.0191868833154842
205.282200245664	41.4052173054289	0.015540845561361
213.823668811822	41.2445268658741	0.0145795098339647
222.351768681635	41.097330122061	359.982367798426
230.846685058157	40.9412479460928	0.0230725351937338
239.363748883164	40.8021077410913	0.0466840195082341
247.800320440898	40.6375355892243	0.0264324264583138
256.264674996922	40.4920378498556	0.0231060301196067
264.698081429631	40.3385464450167	359.997064822352
273.107587189666	40.1933779581464	0.0315817273866514
281.534216963431	40.0427871813265	359.969068529309
289.887026756533	39.8954162174602	0.0190727058204061
298.258667838984	39.7400421291683	359.986837398361
306.593203699658	39.6099289537135	359.944705703538
314.899281223585	39.4587135978364	359.991177554605
323.212315137758	39.2926997594913	0.00565015044611528
331.491528111344	39.1498024564015	359.985090363004
339.765818127899	39.0152341782241	359.916283355676
348.015374984847	38.8439127356324	359.988147750149
356.255545291348	38.6996980301165	359.952104201204
4.47509672709175	38.5599623856953	359.971239957104
12.6887636118427	38.4076226397707	359.925219507341
20.8574462817894	38.2710369591826	0.056982020376438
29.037637445157	38.1282738224119	359.98910956726
37.1718533602918	37.9840920911097	0.0843042374047229
45.3288480769079	37.8342908124708	359.945858247432
53.450399907132	37.6812637693793	0.0246784925052168
61.5433104741654	37.5490643381613	0.00278901415495625
69.64977829316	37.4053712023086	359.972289275864
77.7031812445821	37.2648154820809	359.974281216092
85.766733023895	37.1182523527602	0.0503230306875935
93.7990279803355	36.9613951916082	0.0469581185998322
101.838036293476	36.8248899169013	0.0370616907463273
109.851154462067	36.6947881505175	359.994582541636
117.853624864891	36.5449138487379	359.977239595215
125.825570584712	36.4077262803576	0.0187191141325798
133.802515488634	36.2551731592604	359.982005270191
141.754850547101	36.1126655888496	359.978990942009
149.700114751033	35.9697488051588	359.962935612547
157.610001556604	35.829608394819	359.991201217905
165.521069505415	35.68441202481	359.913293746134
173.436580697553	35.5455042899972	359.992467757154
181.304061901958	35.4016429838871	0.0436578951633919
189.188001736319	35.2753493408277	0.0928108449372473
197.015583283907	35.1324646346365	0.0799175252433884
204.867525636883	34.9870468994013	0.0593861783492571
212.699028590854	34.847841625205	359.991714694788
220.533659733117	34.713518864375	359.987325810151
228.323487847894	34.5697103267117	359.981922960566
236.105159156764	34.4416743701405	0.00921018321599831
243.884461859674	34.286810397134	359.95463604828
251.662400021234	34.1606795790859	0.0279841312559768
259.397672259306	34.0070966716954	0.0212388741917948
267.121486396339	33.8740204270219	359.935682464135
274.880040961029	33.7435319822576	359.967295094828
282.579932477708	33.6089594409777	359.986840590579
290.274757853021	33.4650543178241	359.958449712081
297.959128008454	33.3343238548306	0.00661830633438854
305.649600709143	33.1788703529268	0.00897897344955823
313.330122280628	33.054865487721	359.96279398702
320.976783247467	32.9235029538865	359.972160467612
328.603314571729	32.7777244570125	359.989988281667
336.255361996821	32.6367662535658	359.944300012229
343.847799811187	32.5125828779728	359.976051971257
351.465392177174	32.3736761490762	359.994742492589
359.054920738513	32.241838075795	0.0306673361029368
6.64945198500479	32.1011608660455	359.996737035596
14.2321098497298	31.9773460599939	0.00465990955606799
21.7785838543817	31.8401522262726	0.019670567380615
29.3370570555336	31.7047426883581	359.960516692093
36.9001196614118	31.5852194077395	359.847231593872
44.4072537121846	31.4422294598445	359.999212124909
51.9303971065913	31.2895238692287	0.0140431273556203
59.4139239735422	31.1765498843193	0.034623160499109
66.9246092120856	31.0224963738031	359.942971452619
74.4256169027777	30.8865869981862	0.00039567486541614
81.8819495425585	30.762154359694	0.0283884895799815
89.3580142813991	30.6305903304794	0.0273614106507694
96.8000770061821	30.4948639681946	0.00396861480851385
104.238708700234	30.3640701635909	2.55280654357648e-05
111.684080144803	30.2233295834909	359.956327515301
119.113338966746	30.09484035837	0.0196159585407543
126.529443192216	29.9731966066757	0.0397479745111298
133.938515225423	29.8337333552433	359.9766473471
141.326242085795	29.7041513488508	0.030411369393704
148.723171227703	29.5719693158403	359.987198924721
156.087938918535	29.437369629598	359.982371469251
163.467959630095	29.3170591065265	359.984475025879
170.805471504895	29.1823529166114	359.972779715876
178.17106366799	29.0476630204147	359.981626064418
185.488630681316	28.9162209817592	359.93030012909
192.823685150826	28.780751457119	0.00536778326753051
200.151855899825	28.6619338816451	0.0278993377281154
207.472573413027	28.5210245343024	0.0361602845411255
214.774966961877	28.3897874713393	359.956819948836
222.059503272835	28.2591714941932	0.0155197857119163
229.357922287123	28.1354084206515	359.960313746226
236.620692050508	27.9967158364663	359.975898541009
243.883370506986	27.8687571678206	359.966295011632
251.128140563899	27.7399799480711	359.993905404317
258.399501466343	27.6156917774069	359.981910000249
265.640278270642	27.4900453890999	0.00245736683319819
272.860370822213	27.3612865766562	0.0614656581540487
280.072666713102	27.2361717542626	0.0192128088312131
287.310442586022	27.0965221425595	359.983004443266
294.514880146955	26.9689708168268	359.994897500559
301.707191222233	26.8436172731246	0.0359342918559094
308.922107694226	26.716000431238	359.946008985852
316.076134547276	26.5922139196075	359.987510974163
323.252355969988	26.4676888385879	359.982070351188
330.432326058107	26.3332700213181	359.986929393604
337.579419229036	26.1966149047116	359.971027939573
344.720038015213	26.0781029874026	0.0657106513064036
351.885720240442	25.9445960441287	359.980298373253
358.997065400547	25.8248287067754	0.0207493835850414
6.13982646844273	25.6911080875812	359.967760823716
13.2752991589066	25.5578578892938	359.985537577163
20.3591914721794	25.434986250498	0.0173504845169816
27.4682545688747	25.3109786973463	359.990722349407
34.5742729351832	25.1844963509853	0.0331278591792454
41.6781234907108	25.0595836338162	359.983899753852
48.7547995338984	24.9319942431601	0.012652766332593
55.8211913450014	24.8015169082663	359.997255564757
62.9049028746552	24.6800682961643	359.945451697544
69.9566211993165	24.5625133995835	0.00506479116805281
77.0027526731998	24.4411230391395	359.992008401966
84.0704585462352	24.3186674043124	359.949508326633
91.1055713791006	24.1771529850659	0.00908911744409124
98.1237145669779	24.058977605076	0.0185348131124954
105.162553895949	23.9276271165955	0.0101946727004645
112.169284561957	23.798567830808	359.975639784755
119.19755269808	23.6771644633841	0.0531598015587349
126.201146171291	23.5595449942745	359.962453652313
133.203020059306	23.4228753848507	0.0558115021707408
140.193186881374	23.3023366363698	0.00698685214919692
147.17727803255	23.170875934735	0.222684994000502
154.157429897541	23.0628902795545	0.053364473317032
161.13277293543	22.9299751382145	0.0296219712382992
168.101810677093	22.8116251565272	0.00408474850863172
175.066225013565	22.6888369267717	359.98059574653
182.006759682833	22.5519774106716	359.956986858098
188.968884314783	22.4394042789874	359.984591385653
195.911760490392	22.3066823682889	0.0615126382934932
202.840182491404	22.1833148511801	359.957460916808
209.762483027156	22.0595341338402	359.987998975303
216.688815004597	21.9456169329719	0.00614910655548329
223.620512487836	21.8109976891605	359.96991362071
230.53024523769	21.6930973184972	359.999373687403
237.424956476973	21.5728046092584	359.96405413024
244.353807321284	21.4478916149787	359.947128024284
251.231159718391	21.3261882546233	0.0702192037568636
258.11414662266	21.2027809288702	0.0463637639408034
264.984011405108	21.0792032143857	0.0511595533420461
271.884903211312	20.9590790587032	359.980394598876
278.750623634164	20.8376597686681	359.99210123322
285.602829266317	20.7012197852423	0.0109410971955981
292.475211430962	20.5802333137756	359.959778929444
299.319096273835	20.4621854340367	0.0119859106584101
306.159362791861	20.3526146912618	0.0147420465053472
313.013880789151	20.2187329953493	0.00447192631793314
319.864473916432	20.095444391165	0.00486457846341182
326.685684513727	19.984222338452	359.883226187456
333.515632477674	19.8584195907409	359.9887192114
340.345784251691	19.7303809545648	0.075712686301955
347.15849460169	19.6174394383048	0.00916310419816568
353.989117075881	19.4996404572221	359.90940082934
0.788771152522074	19.3780785278379	0.00235647365963132
7.58209493024972	19.2479649219703	359.978785298705
14.3780084480705	19.1325121171984	0.0416062571239308
21.1795542271658	19.0091397860238	359.993277553506
27.9685264155808	18.8869987316529	359.976655180962
34.7457792019378	18.7617479125806	0.0138915725433151
41.527479238649	18.6401217701484	359.959973460759
48.2835242545735	18.524285996494	0.017853487394035
57.6215654988822	30.1859224502208	181.128610094639
61.8192423647522	18.2647117967769	0.0600891124531984
68.5830559569268	18.1548799463598	359.99491998331
75.3293795940901	18.032614128619	0.0221938155233943
82.0873901029515	17.9329794607056	0.136509193424075
88.8235994506062	17.7998990322599	0.0348719499991432
95.562440309903	17.6820514224481	0.019390573574924
102.308563015906	17.5543039618176	359.991478538603
109.022222801454	17.4427062259871	0.0353388869023945
115.756402676886	17.3116736629238	359.999843758633
122.496136786835	17.2018312350015	0.0293203885085234
129.194372734864	17.08599045322	0.000789236784470404
135.92040880604	16.9587760254194	0.00753786136891677
142.613611694645	16.8423738306927	0.0329436629305633
149.337868826959	16.7229688319722	359.942357221474
156.030250148277	16.5986010810434	359.975233667851
162.740976132211	16.485113010097	0.025793089780791
169.414187462718	16.3563196363193	359.950413590092
176.116778104319	16.2347831349846	359.987920372177
182.790018161345	16.1288470727451	359.994032295113
189.489746149725	16.0040484242528	0.00626139899563327
196.146100490182	15.8848241703523	359.98927873164
202.819424532096	15.7700024898529	0.0301144756824101
209.484781517941	15.654649447055	0.0221432800884145
216.166736828417	15.5334137115828	359.964472304009
222.822772221988	15.4152318410093	359.983511733593
229.488053946979	15.2908533150818	359.998618607015
236.148511948999	15.1755483759142	359.95039665865
242.760739493288	15.0460329591556	0.0303309373868217
249.432635889235	14.9328900695553	0.0186124245741155
256.065384927101	14.8168070522547	0.0530414414528479
262.715291644141	14.691277289523	359.915036356245
269.344901408999	14.5887635716918	0.00804970027650143
275.9650551301	14.4535064292017	359.978026424586
282.600556639521	14.3423506410295	359.936777443773
289.222127346141	14.2302834617004	0.0166527414668849
295.86050279971	14.1191448278683	359.925821324103
302.483847221396	13.9903595413596	359.910570113997
309.077566521263	13.8838374658286	359.953592426606
315.683351907339	13.7482629663043	0.00813938179328488
322.289361763943	13.6377031793093	0.0296016143619795
328.902247625358	13.5203672039237	359.996487132301
335.514221840069	13.4097313343379	359.978506830472
342.133771783858	13.2745616741586	0.132085554065611
348.69552704951	13.1658095191253	359.990179246146
355.282433831419	13.0503562095625	359.951493127804
1.87647733895024	12.9249638902068	359.977238911751
8.46019961582508	12.8156675763015	0.00792584671992813
15.0437700022641	12.709495011982	0.0437380684491018
21.6185139980097	12.5741266554835	359.994870901593
28.1885240731232	12.469615515358	359.964275958787
34.7575925808149	12.3437838837587	359.983765463663
41.3303084052048	12.2120178638267	0.044086153152108
47.9059823062406	12.113735178768	359.982219282939
54.4704300834159	11.9823486631441	359.964021465541
61.0415803264441	11.8852210732898	0.010749933739902
67.6240029273515	11.7647731589512	359.856844974744
74.1391490533711	11.6477178764454	359.968244048257
80.7121731089039	11.5175872381511	359.997301790949
87.2476879287732	11.4167169405605	359.984764483624
93.7853727258541	11.2942389251563	359.925187014439
100.353483356858	11.1712068245027	359.972658557439
106.883218766125	11.0578986372673	359.978937650465
113.432483107372	10.9357442706442	0.00369181580538225
119.949553539271	10.8205726208761	359.943609518637
126.506437674537	10.7105006191805	0.0126559611458674
133.036303487127	10.5967016400196	359.965580767816
139.55860407667	10.4742991797511	359.995264904958
146.085414312272	10.3657449183885	0.0169811327387492
152.615082930602	10.241405781718	359.978751191936
159.135695917061	10.1208884224964	0.023158568855564
165.665677535453	10.0186620045978	359.98819450284
172.162504395882	9.89818850494622	359.982103083628
178.68789223672	9.78975840878489	359.95185744562
185.211890246212	9.6573052231231	359.988318399537
191.708644792765	9.53087937079013	0.0313403291640952
198.22456766986	9.43167772171051	0.0134794477681339
204.732157926665	9.3182198805972	359.997640548144
211.220638605424	9.20049407381221	0.0197376362756643
217.721648806093	9.07488548154896	0.0441948924221833
224.223009702963	8.96824338862879	359.97702164721
230.730456986731	8.85007788793941	359.991562340898
237.22471783093	8.73212185580245	0.00226501513492394
243.709859768027	8.6185475056713	359.936724650108
250.222778481325	8.50671004327418	0.00725381487794152
256.696541310228	8.38801979162244	0.0623048562128758
263.18639237034	8.28355733265013	359.923857261046
269.676574346681	8.1508153363626	359.981283932554
276.149138901054	8.0327825375084	0.00655556852069594
282.660772971843	7.9260511868426	359.968734044757
289.120086684794	7.81025240927647	359.980725449823
295.610911290469	7.70378053346072	0.00641193312623045
302.089177957825	7.57766430536738	0.0116511634618064
308.563493010802	7.46190788446185	359.974261535967
315.025634861262	7.34541539234414	0.033334814723105
321.496620244329	7.23679638244518	359.993398569428
327.973764770079	7.11793106660456	359.996239763296
334.433633548249	7.0026956175153	359.976164079837
340.910600729045	6.88076635570421	0.0255627024358773
347.379565942068	6.7686213013401	0.0775115878684289
353.84130354866	6.65178343315559	359.939035669672
0.302706301502653	6.53487284975229	0.004077412751883
6.76183466126845	6.43694822540124	0.0545344166099255
13.2207506792382	6.31128191188282	0.0168924062114399
19.6627289471259	6.19127266866377	0.112452553081198
26.1318164803389	6.08124358777356	0.00564802119052388
32.5794363522345	5.95387544362431	359.986879844208
39.0350502269147	5.84550422235321	359.954086506214
45.4892852948603	5.7292710906717	359.98750207064
51.9609080315907	5.61597050498625	359.959965669027
58.3857216425732	5.49962448835305	359.961925959663
64.8516910068694	5.38548098125356	0.0127017785746091
71.2907144332521	5.27424255868276	359.989628897792
77.7258880981932	5.1579940135079	0.0340608040561108
84.1908813742236	5.04173177500691	359.980501736372
90.6455681905338	4.92422486250145	359.976125891493
97.0777548077033	4.82187302297713	359.962593511165
103.522173846815	4.69070596491781	359.977686576514
109.952620479959	4.58045500053433	0.0167208001498977
116.399549976262	4.47095213085797	359.933496581039
122.819503539035	4.35474055243751	0.00422962759697043
129.277886588403	4.22816041816655	359.994600002622
135.719497369531	4.1224738144051	359.920983346754
142.15452925085	4.01598917606594	359.863340387527
148.576601621976	3.89554010489056	0.0134744854357507
155.002197318393	3.78964547550243	359.972594445979
161.439033998274	3.66758879910086	359.978554792267
167.869471699432	3.55199493238823	359.956085303049
174.314532939376	3.43077694684789	359.986086196395
180.740248068058	3.31376589488696	359.998177194656
187.152447832804	3.20902639462554	0.0457490742008133
193.613457924789	3.08848628453802	359.98383370979
200.035299624129	2.97545997360784	0.0441053917891452
206.454506017472	2.86358418468465	0.0376544712336226
212.869585147289	2.74900924684218	359.98690420295
219.320028442718	2.63691371727313	359.992508928657
225.731998971473	2.51488157133649	359.984305622785
232.160932987517	2.39963773706953	359.978875012285
238.591099036955	2.30101031859378	0.0427018632159957
245.003633541458	2.17836481681739	0.0456382655584662
251.432269837176	2.05802129787371	0.0402557658584612
257.8645393744	1.94080506367332	0.0139084403231493
264.269523977256	1.83899667316663	0.0647354165578804
270.694687554375	1.71538502928014	359.998824282219
277.129970396965	1.59426060366512	359.948278319651
283.561610729046	1.47815757446513	359.941693108024
289.978893996311	1.38226774542173	359.997882687118
296.401216689611	1.25251505018541	0.0206227677138884
302.813930205346	1.15492733589274	0.0133982684372427
309.225111898747	1.02238775191874	0.06406544824506
315.667725543642	0.915497211130159	359.953008555632
322.075783415799	0.793026268072552	0.0114875348966166
328.489468407402	0.687615223049491	359.958638323322
334.917952148178	0.578024812434279	0.0432487178004806
341.329225654185	0.465012317874013	0.022846113084654
347.765416410408	0.341927898616674	359.903540671456
354.182298257126	0.229095504367749	359.969494553679
0.597545987513442	0.109319773168735	359.968477823904
7.00979103859666	0.0115197435478223	359.998045771701
13.4245893484191	-0.10880428569989	359.985265411107
19.8438000081189	-0.227155757351099	359.987919363675
26.260934061399	-0.351058918049617	0.00702128456163109
32.6982072857386	-0.447476685141467	359.98173905581
39.1164957682857	-0.568031560286414	0.0777515778017346
45.5400488847139	-0.688498673207476	359.970308696909
51.953625823234	-0.803736918585372	359.995442603508
58.3609538090492	-0.915080381451475	0.0594405949869952
64.802155168311	-1.03267830001215	0.000560976070715924
71.2152934449488	-1.13902705729816	359.954536057965
77.6302000947903	-1.26385309016155	359.983506546452
84.0600981812281	-1.36781056596988	359.975363368008
90.4768504590494	-1.49291815974611	359.999307236238
96.9073791557956	-1.60869083117113	0.071139205957337
103.320380784127	-1.70269534887085	359.96876127628
109.763801699407	-1.85425345717464	0.119119205506053
116.169716059974	-1.9433509923434	359.932242161251
122.576808069794	-2.05927748816873	0.0398955366263181
129.012904300211	-2.17858456299011	359.98847843912
135.427189124367	-2.29497808997007	0.0250337179551252
141.878637750034	-2.40466409548416	359.968970628258
148.298491412011	-2.50645304194526	359.943907725084
154.728519003798	-2.62615570887023	0.00993729644503105
161.135039661996	-2.73877245465495	359.99134858315
167.561018254244	-2.86741906836494	0.0051397185970643
173.994771233903	-2.97893065125041	0.0350255155225625
180.435729680968	-3.08719389083772	0.0110603851419171
186.860786190367	-3.20697070648521	0.0227664759771358
193.285264015467	-3.32203194723826	0.10936872756406
199.725997021328	-3.42648378231127	0.01515366539968
206.14950403695	-3.5590076179919	359.964930809823
212.579861411196	-3.65797078752243	0.0909638772665176
219.019849580554	-3.77440542916592	359.992401756126
225.449460322316	-3.89767471841029	359.96813083589
231.891362284549	-4.00570170471572	359.9679760252
238.318237240003	-4.12229653542893	0.0118624720144567
244.752282889763	-4.2289729626096	359.96232292223
251.197594358188	-4.34645189032855	0.0109559161496122
257.631242904187	-4.46600389071916	359.971849153402
264.108150210154	-4.60601111392911	359.83832508801
270.510490069045	-4.71005297468693	359.991524677823
276.94940208653	-4.82054189268187	359.985369418628
283.385850056502	-4.9273002381719	0.0157595900841727
289.849236213957	-5.03618735827925	359.997665935884
296.278738015731	-5.16004485133764	359.972186959674
302.737612380476	-5.2764661115896	5.85007263680382e-05
309.182972160975	-5.3984793544187	0.00429904181120833
315.635376723373	-5.50848237254726	359.984041793573
322.07902115971	-5.61379117965996	0.00995236094368579
328.523956808146	-5.73038224255104	359.999126305433
334.991783830419	-5.8390387984531	0.0712947991375188
341.431231576198	-5.96121949299844	0.0682121366100716
347.880299647536	-6.08808982025212	359.918047136095
354.359031102062	-6.19966894284224	359.98229217315
0.812139944089537	-6.30977064504218	0.0198044786828291
7.27727030751342	-6.43046124032983	359.956062748445
13.7329619677492	-6.53042716733748	359.982239715116
20.1861241143478	-6.66173690206446	359.982201065155
26.6593145464121	-6.76553317240386	359.975557553404
33.1187665448545	-6.89145125804571	359.971785342792
39.5861935597145	-7.00218257997084	0.0298309455057506
46.0664631192908	-7.11317084369186	0.0200898491087571
52.52797226077	-7.24101790386952	0.0185261364913742
58.9936165476864	-7.3477159920586	0.010325247762438
65.4817828163094	-7.47130653624467	359.97582097249
71.9427990582306	-7.58088500938931	0.00294394839193046
78.4368709735806	-7.69829538891111	359.95540327618
84.9148432563645	-7.81142067257906	0.0274564998753419
91.3867362877689	-7.92687224631788	0.0364006861306621
97.8739478234639	-8.03825863279188	0.0168210640482584
104.361670500455	-8.15913784715156	0.00982451775135473
110.844220557774	-8.27418896097107	0.0110342666247902
117.326910679249	-8.39920275540194	0.0101064384365088
123.814858275346	-8.49922605671095	359.984847151909
130.306879293979	-8.62071688930762	359.951265606655
136.79211664382	-8.73465202540072	359.983933688406
143.300850286662	-8.86069613848082	359.998450855179
149.793095834732	-8.97252706640437	359.974336986119
156.305790781888	-9.07855602881131	359.970276173361
162.807909867835	-9.20978738504816	359.983436220063
169.318136109405	-9.31070666839827	0.0419141867884321
175.800164542032	-9.42263857338749	359.996137766185
182.308754960893	-9.53695399729813	359.997986734357
188.826637162362	-9.64611381567758	359.966608839429
195.341508338244	-9.76787147775228	359.957463328943
201.863860981639	-9.88780890878159	0.00497316390828928
208.36839485799	-10.0019048342449	0.00232919992808434
214.899847246134	-10.1329360227951	359.974091803598
221.428029647633	-10.235670419354	359.983733556946
227.94050304153	-10.3601187838999	359.970207769098
234.461483404514	-10.4781944679044	359.941704281482
241.005084449183	-10.5903766594314	359.96121116005
247.531136718241	-10.7046264259444	0.0465780815835899
254.068177442758	-10.8180207143438	359.979911177852
260.595617598327	-10.926067329316	359.910606896488
267.150432614593	-11.0302924997306	0.117286686576449
273.66806708157	-11.1697695780852	0.0487371572979498
280.241150850217	-11.2904713400786	0.00261736631148324
286.765584242615	-11.4134956521388	0.0423010441010376
293.319528858906	-11.5268436139111	359.986821675469
299.865995111837	-11.639173099217	359.989599027143
306.43646069498	-11.7591255529314	359.964228975668
312.987611953916	-11.8838048292227	359.976121825121
319.55606313977	-11.9898591988517	359.986635564433
326.134422612402	-12.1064239963991	359.934787496024
332.683824733576	-12.2317654051499	359.9694264418
339.265780151153	-12.3334967941153	359.97624427725
345.837819330575	-12.464380205805	359.994130039836
352.41207245247	-12.5833666935281	359.962657970277
358.982518309968	-12.682021780733	359.983439898097
5.57143590005929	-12.8054512954399	359.945901879179
12.164415142395	-12.9366303373148	0.00699147100397113
18.7306148379585	-13.0397503155238	359.968883481005
25.3342784003778	-13.1804321501019	0.117344042674773
31.9282299072313	-13.2864318344503	0.0235380068095594
38.5130669583973	-13.4023569351208	359.978555692357
45.1162057570746	-13.5090910422576	0.0012291084684648
51.751348400107	-13.635745172278	0.0874373265543795
58.3309555030601	-13.7551391458997	359.96869150874
64.9548561535245	-13.864618705318	0.0235291958807409
71.5622524988759	-13.9858080804584	359.961065515206
78.1771439689545	-14.1004995713367	0.0262248360471062
84.8026492143978	-14.2318379098353	359.927472279706
91.4341849900837	-14.3458602884375	359.991760562445
98.0590729980073	-14.4611084250939	0.0406753837034728
104.676795662653	-14.5819805730893	0.0257346504237432
111.331460166132	-14.7088886957343	0.0120365376094185
117.952863718185	-14.8190992313279	359.94509891881
124.613624026488	-14.9322245311623	0.0175215769866099
131.252065513789	-15.0457801680455	0.0206992717728554
137.909171206826	-15.179381329045	0.0208840670966595
144.55328067376	-15.2876680900041	0.0147541450976121
151.208978586027	-15.4086282277895	0.00536380927354685
157.878146506457	-15.5281155269872	359.973874492315
164.532354648775	-15.6591305522931	359.994388120055
171.19035684087	-15.7583670190807	359.964631639475
177.875211798921	-15.8959420341657	359.990149615641
184.561388800979	-15.998695222566	0.00705740721539883
191.22819494382	-16.1219852147361	0.0422535065626732
197.911276673669	-16.2416329187107	359.993886268337
204.609643602421	-16.3526033111216	0.0158950312208219
211.302475495236	-16.4807860127258	359.976277061294
217.993954876059	-16.6024616849636	0.00890223435067128
224.687896842465	-16.7119671077546	0.0158072945856986
231.405050696568	-16.8410938818153	0.0123993664676618
238.114052432282	-16.949538018564	359.994186880935
244.802486843727	-17.0851034709587	359.956644068657
251.541896597734	-17.2008229140294	359.96382089725
258.251688668845	-17.3152853572249	359.964392912781
264.989088998767	-17.4295281066807	359.950092612583
271.728870820384	-17.5642524597078	359.991684639948
278.460783703122	-17.6878896002432	359.998273882895
285.207279877053	-17.7995090818383	359.933202969912
291.934600138404	-17.9206809733344	0.042327679075413
298.692814958867	-18.0358423088102	0.0268149448464214
305.45660340329	-18.162067779039	359.960273748416
312.215707037587	-18.2810290608313	0.055085056916198
318.964713859025	-18.397675073075	359.989063489208
325.751997570095	-18.5307966047321	359.942232291011
332.501481792289	-18.6424477459222	359.974461494385
339.295205728145	-18.7599895272824	359.994340800578
346.06668564738	-18.8925303845919	359.976534767403
352.850627771961	-19.0122805238151	359.996116207793
359.642841285259	-19.1231070794135	0.0180960304332132
6.43507397600686	-19.2488987395621	359.96328791492
13.239749870276	-19.3699621361256	0.0420325246242044
20.0486218662081	-19.4905920674877	0.0168854593234187
26.8698362013634	-19.6065108484311	0.00254148871391635
33.688183366932	-19.7373530875322	0.0712676634409206
40.5066623098405	-19.8539266075841	359.953895496932
47.3241240165312	-19.9816289947471	359.910118887459
54.1685614292956	-20.0907661393399	0.00910714302503379
61.0143300688852	-20.2294553037238	359.93973715284
67.8536180990976	-20.3415154288532	0.00989257805827037
74.7042431479049	-20.4749742551604	0.0518246516918168
81.5420273214399	-20.5861438119357	0.0509953699044843
88.4185085262575	-20.7178373203045	359.963776605214
95.2804173202386	-20.82940111332	0.0209721713849262
102.152898046851	-20.9617373697685	359.992451433484
109.021309806782	-21.0772557786224	359.982730530323
115.901173752129	-21.1975220124645	359.996819597378
122.791642450824	-21.3281391373429	0.00885739865691448
129.68812328746	-21.4433713878867	0.0263604416402927
136.582740679478	-21.5757103553749	359.989041664011
143.509846056474	-21.6946381670541	359.962080732345
150.416138810281	-21.8092073413973	359.988227996584
157.341996387644	-21.9357196032593	0.0141755937087567
164.244451463475	-22.0583964079772	0.0157833839651289
171.190515353508	-22.1801154601554	359.99919180268
178.11465956919	-22.308211038516	359.953322916366
185.081135138306	-22.4416980986226	359.931877017376
192.014036196269	-22.5565579466539	0.0388326146490101
198.960035331061	-22.6646777279742	0.0360432385044476
205.918897056848	-22.8142416738061	359.973623464953
212.898435081622	-22.9324767186884	359.954343322033
219.885172166893	-23.0414269913173	359.931110667992
226.862604273471	-23.1805318751459	0.00408057560520092
233.825598091968	-23.3060985184643	0.067633826110864
240.82030293436	-23.4234078303851	359.987101047258
247.835532966119	-23.5505212978335	359.987013398488
254.838795946828	-23.6777478795759	359.958159090765
261.844987426996	-23.7980471638637	0.0187807006437595
268.873322049367	-23.9311695874957	359.992808756813
275.903299725714	-24.0539073215179	359.993777210692
282.929107607695	-24.1731829542376	359.979408191039
289.967747291804	-24.305372600269	0.0246435754679055
297.026305164614	-24.4251079575828	359.989116011317
304.067600311657	-24.5610235983422	0.0286962321466717
311.124365825309	-24.676925074503	359.981574854701
318.181632136716	-24.7968034105518	0.136282232349828
325.264068525989	-24.9380424391341	0.0204843147392637
332.372217136069	-25.0577675252235	359.918885781463
339.443498876814	-25.1845501588423	0.0637136723528329
346.535476625421	-25.3072961948452	0.0486307525118832
353.641626960464	-25.441655007987	0.00157544778849683
0.770976464949669	-25.5581185681461	359.992734055828
7.87427691910374	-25.6923131107871	0.00370905311706338
15.0103392824337	-25.8188330041792	0.00781271668452632
22.162069203209	-25.9478289265403	359.965245885534
29.2874008911795	-26.0735881546868	0.067589233315914
36.4521432435798	-26.2110508161477	359.937273379531
43.6122643894804	-26.3227177941775	359.976236407808
50.7811539875512	-26.4594112697309	359.994280894406
57.9389347364046	-26.5775366538223	0.0363446324723782
65.1284100323094	-26.7079706793658	0.0137131241546911
72.3226551280661	-26.847730240378	0.0187017467356441
79.5140612671006	-26.9622220523799	0.0427233998941006
86.7279741936418	-27.0980084237734	359.950324882559
93.9344211162121	-27.2276992101688	0.0614425554101103
101.166433749018	-27.3643321948244	359.994049376533
108.386220459966	-27.4926549563942	359.97575762509
115.660238260901	-27.6038538058949	0.0988764016579182
122.875870844225	-27.745794875283	0.0635347508898576
130.133220441672	-27.8691304099436	0.017360295447844
137.397739423388	-28.0041004990377	0.0133561326164511
144.697252440382	-28.1359850754339	359.969245583948
151.963626631624	-28.2590705367107	359.985755774939
159.257491112619	-28.3896022750802	359.966945745127
166.568138597026	-28.5292267897577	359.973967441694
173.887056439632	-28.6467779287686	359.987967450821
181.197965031925	-28.7850996520011	0.0105062485919234
188.524484332685	-28.9242338162651	359.974522831192
195.859243633309	-29.0522391545964	0.0303016352941938
203.215516300455	-29.177095835043	0.00477885415565993
210.555416824147	-29.3119132710693	359.94989097641
217.941586761114	-29.4343323353147	359.98354101398
225.31528164376	-29.5603507598415	0.0874147980200064
232.697707413173	-29.7045044351132	359.978840343963
240.077512598661	-29.8364459781887	0.121646901804411
247.49959923384	-29.975286468147	0.0400138045535812
254.90676651626	-30.097011024677	0.0109500108223983
262.31824687334	-30.2294594100096	359.967777099282
269.777660773985	-30.3677502670913	359.960532950429
277.226995170475	-30.4979498355498	359.995789366672
284.670001670099	-30.6323777024592	0.0587981347406128
292.145410234706	-30.7752265513602	0.000824714739479759
299.614980174107	-30.8906850164385	0.0445125032879332
307.104995236771	-31.0296140003013	359.990824099209
314.598590703586	-31.1522577559733	359.98198496927
322.111047792218	-31.2914792695727	0.025265628725009
329.626227375848	-31.4339552352024	0.00450289246759894
337.148031858753	-31.5617146912363	359.994321938975
344.686180917928	-31.697350244264	0.0307894378493359
352.238695724954	-31.828779271083	359.98960601206
359.825042999423	-31.9684066663835	0.00570340473748843
7.401846637736	-32.1006384591629	0.0156316694445877
14.9599185256714	-32.2346480387471	359.995222590916
22.5714081325805	-32.3731161672644	359.96484442694
30.1485632699158	-32.5071591969241	0.051052630713798
37.7968096784125	-32.6424720618528	0.00888246640741386
45.4161832006689	-32.7877605490046	359.969213734844
53.063643864928	-32.9158540132315	359.982379428078
60.7070640079239	-33.0467701947024	0.071203268953127
68.3657491013443	-33.1986039549281	0.00446525923592844
76.0437903299362	-33.3229042712266	0.0121726696808651
83.7323819079289	-33.4670543526969	0.0317702623934508
91.4506431685303	-33.6011015207852	359.990639110674
99.1560772545613	-33.7431075323047	359.98137078133
106.871515638961	-33.8842837622242	359.989815544787
114.618602487412	-34.0055287772985	0.00588704807267959
122.363631664099	-34.1534651881946	0.0349049248421238
130.135165308589	-34.2921260636611	359.999929968335
137.909841932264	-34.4311926083798	359.96088928756
145.697875821089	-34.5663121464079	359.954290854876
153.473991251073	-34.6883461597858	359.865285799405
161.312373820342	-34.8375169839609	0.0145676877006622
169.148377539219	-34.983754165345	359.945819962979
176.990066132414	-35.1289934256556	0.0347736515670931
184.853215491543	-35.2697127331344	0.0477600956025981
192.728903063389	-35.3979339358768	359.98582830016
200.620496272135	-35.5552304643834	0.081975949146937
208.48817249905	-35.7000034336576	0.00717511656625902
216.402362818106	-35.8318446423086	0.0100392703961347
224.328887065073	-35.96892603399	0.0312737671745253
232.291600215924	-36.1196301501426	359.987178266952
240.229074757686	-36.2682221511675	0.180251782472482
248.214271098677	-36.3971597394951	359.933793722555
256.183803787341	-36.5483329238161	0.0175929732306486
264.197833020505	-36.6824205116308	0.00161912407287446
272.205938655138	-36.8307097567548	0.0155565255165016
280.214725110805	-36.9811757389057	0.0249971083651133
288.254819106407	-37.1119361456986	0.0221306794744578
296.326622096333	-37.2625701141292	0.0219024125532883
304.402734693612	-37.4048464652033	0.00694050120699785
312.484957582257	-37.5447561036539	359.983961352399
320.572401646792	-37.6923455852345	0.0315340687046728
328.696334112849	-37.8362282005401	0.0649346405560038
336.852776334737	-37.9718339521148	359.992273516391
344.99129303062	-38.1208658480576	0.0136015999672736
353.167189844861	-38.2718452059369	359.997586997662
1.3525247804873	-38.4207845310106	0.0267855035281457
9.55173761718801	-38.5725823740831	359.985351173383
17.777741995875	-38.702398974203	359.988458140552
25.9969263820183	-38.8499891229596	0.00567921986518627
34.2775448893107	-39.0056517136674	0.0266353093081761
42.5258450681665	-39.1386778960352	0.0374657718914477
50.8097543071389	-39.3012013197427	359.935789864888
59.1068946690426	-39.4464727374261	359.963138797631
67.4458728778025	-39.5994444595097	359.965763971342
75.8025287339093	-39.7460386506859	0.0289461716065489
84.1492717578471	-39.8851395069355	0.0123316227207511
92.5224218380436	-40.0505688898697	0.0117217334556869
100.916112403293	-40.1774591520219	0.0192979397078261
109.341149751741	-40.3473586470496	359.996977935126
117.753008396024	-40.4892614630297	359.993575457003
126.200744389074	-40.642915061222	359.994819591335
134.699500690269	-40.8011007081098	359.996887952811
143.161205053091	-40.9425355856658	359.969953582629
151.659066820336	-41.089133538137	359.998094574684
160.199658118291	-41.2460367015256	0.0114458546937897
168.718453132951	-41.3974876942977	359.943973143602
177.330699839732	-41.5457150331469	359.986272715455
185.897644173178	-41.7115626093024	0.0099271560539762
194.516160448251	-41.8549703647141	0.0323799503272539
203.170698077327	-42.0070704390567	0.0315928348454122
211.802433150047	-42.1659064557936	359.985619489052
220.471868361992	-42.3284312579877	0.0549001409856658
229.153344583391	-42.4827401987519	0.0377294097393985
237.869559988581	-42.6306375513855	359.996650613826
246.629023040301	-42.7893223909332	359.951304152605
255.400713674911	-42.9482783895196	359.948856545981
264.158497159401	-43.0961123666821	359.993142209406
272.957562285859	-43.2563175969186	0.0480916215050229
281.805962237436	-43.4130351348496	359.962453927528
290.646240733527	-43.5758379700417	359.937241635744
299.505759879205	-43.7295355929058	359.984880097424
308.421481015006	-43.8852330364876	359.985083076878
317.329758196423	-44.0499638147281	0.0189022099704346
326.275096414113	-44.2099046969809	359.99895147727
335.225038501502	-44.3660435906806	0.047587911733018
344.227594186579	-44.5374325900477	0.0812962788123457
353.263759332766	-44.6919445625194	0.00471277243175905
2.30859192211071	-44.8523773643323	359.949166166354
11.3493537825562	-45.0103406097867	0.0097609444645741
20.4485638150814	-45.1863095397238	359.97333003797
29.5855908348811	-45.3445727489989	0.00266302724401157
38.7297773911593	-45.5117726566783	0.0333232706005617
47.8862331753407	-45.6743607677884	0.0237971258979996
57.11497734138	-45.827648197135	359.956435213642
66.3094390205316	-45.9841623562461	0.0662190987775944
75.5908421917734	-46.1582938198351	0.00930782902946703
84.833417229483	-46.3242940672391	0.0615693906491401
94.1948156608973	-46.4964069712514	359.938067135956
103.492807301641	-46.6507503913738	0.092190414804918
112.868063944554	-46.832853548009	359.984099067591
122.26047274788	-46.9893070483364	359.975261969887
131.698883834555	-47.1617014093233	0.028685792565426
141.162213821162	-47.3341620756943	359.984584492773
150.652296724107	-47.4839352456545	359.960746115932
160.167924700736	-47.67404844245	0.0421784233110998
169.718456735032	-47.8424763451418	359.946291603034
179.284773002788	-48.0138482000462	359.967275377949
188.917844291692	-48.1820240228662	0.00217495190753425
198.560229760916	-48.3593623711421	359.966796160385
208.218628766288	-48.5311661174055	359.962890324147
217.933440189855	-48.7008576852492	0.0745092607530182
227.674563074469	-48.8645663688463	359.983399436377
237.43849285504	-49.0440476787901	0.0316831655649423
247.291174228299	-49.2297038295791	359.948503672843
257.130069036534	-49.3954700507295	359.957730834874
266.987107858544	-49.5792079777582	359.967108133532
276.916910934279	-49.7506681947832	0.0195397219472113
286.853121621034	-49.9242560541176	0.000643570982958863
296.879137392556	-50.1139119104378	0.0678869780206242
306.884286885889	-50.2806804171851	359.968625068789
316.934783197428	-50.4506457916732	0.0214066400504578
327.045896447264	-50.6487845015831	359.974734725403
337.192035412856	-50.8352211324926	0.0169172305405141
347.367749142593	-51.004991826092	359.925318417355
357.606799698778	-51.1909724275092	0.0438659043034875
7.8686282648474	-51.371485380934	0.0520530948143971
18.1643994904139	-51.556541990491	0.0237278418556741
28.5265924944637	-51.7382684730405	0.0045612611522472
38.9225281094277	-51.925444439077	359.951561868769
49.3579104815586	-52.10895476853	0.0144929963800564
59.8230278791808	-52.295519284722	359.981850334953
70.3183052350016	-52.4772120441957	0.00565889383051399
80.9052996063637	-52.6776931745066	0.0527273238333805
91.5091659139955	-52.8548215235538	0.0129769634962429
102.160853679979	-53.0473412409816	0.0301735784221933
112.85765876673	-53.2468296081042	0.0229254595163866
123.637307775304	-53.4400743776665	0.0316091475529561
134.41737230463	-53.6302263677025	359.99744570987
145.2871627458	-53.8258652219271	359.985016592307
156.169483658216	-54.0225833003732	0.029464309774454
167.11308705409	-54.2110112128967	359.991039007135
178.135033403773	-54.4039599228365	359.960041374377
189.156224086001	-54.5976727261478	359.964335834201
200.268535091651	-54.7948184608166	359.995932524524
211.477372257722	-54.996867597049	359.940486699091
222.672086295772	-55.20044359207	0.0172237901633991
233.966801340587	-55.400135628482	359.994866986997
245.30159383232	-55.6017106466621	0.00380215083725943
256.667478757955	-55.8162882119756	0.0282503418734166
268.139631050611	-56.0239307544685	0.000115650770140974
279.671869106671	-56.2223810637086	0.0159983251092228
291.252925226573	-56.422178105019	0.0149396199119849
302.872658623659	-56.6354885603175	0.00545689110839476
314.564090898554	-56.8401268134043	0.0152251906727656
326.343685680116	-57.0508141621019	0.0484938842309361
338.196253103749	-57.26216211396	359.974916858661
350.10130298225	-57.4711302646011	0.0338884828320829
2.07813463870718	-57.6880748059008	359.95179859125
14.0950659548533	-57.8999591275071	0.0328438515549578
26.2563797365019	-58.1180333916305	0.0566239931657719
38.4398819923969	-58.3441826611615	359.983759458422
50.689461727787	-58.5519462521286	359.970926074536
63.018121543393	-58.7630558851045	359.961423411822
75.473243175123	-58.9969525952821	359.942940344229
87.9881965278362	-59.2275574286687	359.909982150435
100.563671377159	-59.4408254635856	359.98043330743
113.231045939266	-59.6737371797404	359.983560019135
125.995213266217	-59.8999615923609	359.919240756783
138.803999242003	-60.1190502199997	0.0098830558669647
151.77017885379	-60.3605263464242	359.938713039025
164.804894149673	-60.5851047858483	359.988238488168
177.893257663926	-60.8308461581425	0.0610415503632851
191.140307543714	-61.0621452370853	359.987085774658
204.441774224849	-61.2995421081686	0.00227506912042941
217.883137494463	-61.5651541432994	0.0820874950204029
231.360298546356	-61.7756855893072	359.990512387411
245.011060183127	-62.0084188482	359.940604765212
258.732236480938	-62.2670672316919	0.0592208644507934
272.600204348593	-62.5138474821138	359.993375421513
286.561372666218	-62.7605585599432	359.966807750244
300.64031626156	-63.0085893254794	0.00034341443199537
314.843563683243	-63.2729972480172	0.01960047937132
329.221936237004	-63.5108992618002	359.94189513658
343.636008207445	-63.7749721289615	359.988532642928
358.230930798281	-64.0301049969629	0.0931862699340229
13.0088524180616	-64.312530977299	0.0731969009611362
27.8290652295713	-64.5664027897647	0.0525291477852363
42.8795354411542	-64.826340507739	0.0215934250458361
58.089588575781	-65.1141869390519	359.927756329544
73.4155878762607	-65.3950241440402	359.998186547102
88.9118622943667	-65.6518273411535	359.981099848033
104.526449363906	-65.9225733723661	0.0121597748074862
120.358384053106	-66.2120409197759	359.999483830125
136.386284775777	-66.5088155297924	0.0140642881035831
152.5988408362	-66.7915641421484	0.000111383915736951
168.998531064127	-67.0819286375304	0.0146211824261115
185.55940060286	-67.375195436011	0.0157193262235751
202.371589460749	-67.6784941792182	0.00853898952871646
219.371746726407	-67.9814208529973	359.995774151058
236.568608501333	-68.2894006459832	0.0264342912770985
254.08512319588	-68.6008261692285	4.54587505487325e-05
271.789874503709	-68.913498681722	359.996389863273
289.794493782049	-69.2320438539836	359.933768511081
308.044480746546	-69.5604660978387	0.0330605488857998
326.549281253261	-69.899177382132	0.03473288208599
345.364746148591	-70.2341638890416	0.0249738087542255
4.57625637212792	-70.5697524331562	359.989183007969
24.0086534511678	-70.9158577482073	359.992058021242
43.8051890722407	-71.2735666496692	359.983461593354
64.0168208461724	-71.6413891129591	359.94017660287
84.5121684733083	-72.0050463411215	0.0413415441776976
105.528651748064	-72.3668997297742	0.0357828271106087
126.984592807934	-72.7687832691005	359.93295860158
148.891085569743	-73.1415167801427	359.952597844345
171.258759020097	-73.5398154485505	0.0141456007262946
194.286025901538	-73.9358147232651	359.81059660583
217.700352784801	-74.3828752556109	0.00818710178353399
241.842568829216	-74.8095868370635	0.0429591301213179
266.647608506537	-75.2493514293226	0.162637876076303
292.274728576235	-75.699075904252	359.996092969308
318.77124341734	-76.1793510290144	359.949219658085
346.062554150158	-76.6683260215712	0.0111367199536971
14.4823541983844	-77.1636826430575	359.959427302129
43.9108153752985	-77.6951008289312	0.0599524873709925
74.7103409781139	-78.2320679490531	0.0135010620035132
107.04489306173	-78.8081352752794	359.936201237954
141.027021037362	-79.4244579681945	0.0255365339077684
177.092870164969	-80.0712169539614	359.987271010416
215.567100357003	-80.7624097179612	0.0841723014158902
257.26558707646	-81.4880355636892	0.031245872337422
302.760273464261	-82.3001974158344	0.155189579146708
353.948136422517	-83.2127142461315	359.914781788046
52.8044081029006	-84.2704059898367	359.930609928644
125.314251011882	-85.5670533861531	359.875014494169
230.610390137117	-87.4382281684364	359.760145556747
