0.184133042960817	-0.00710388924703985	-0.0380263807113938	0.982139782117366
0.432171015797984	-0.0216541060100598	0.0450742587548796	-0.900404144812063
0.819481777187062	-0.0486094093521456	0.0337883010528983	-0.570039553796689
0.984251141403397	-0.0661801521928628	0.0109231623388481	-0.163555992327886
0.970152441293958	-0.0720287438075616	-0.0172333458930634	0.230909316629297
0.824620865294901	-0.0666021007795455	-0.0452608507581313	0.559925034340036
0.59321528858385	-0.0515383129941846	-0.0695993016944906	0.800372014058295
0.31604751447499	-0.0292317137852761	-0.0873673429335924	0.944259722159153
0.0260081972029274	-0.00258547547405346	-0.0973180384153674	0.994910090608097
0.251127008045368	-0.0258882829091992	0.0990686430759225	-0.962522948608131
0.497847628611033	-0.0536561774594364	0.0928458818456095	-0.860609316432912
0.700658977720998	-0.0787201041420135	0.0793816273610207	-0.704683403650429
0.851217437030096	-0.0996111469868096	0.0598498314399683	-0.511785591794547
0.947449496082017	-0.114840502072361	0.0358005201997562	-0.296427789201903
0.989680590143798	-0.124064970163412	0.00906109766359667	-0.071120385123438
0.980378255821589	-0.126975092627115	-0.0192546077840051	0.149549528396574
0.924886618250067	-0.123399234333822	-0.047652842443699	0.356492046131209
0.829435236375912	-0.113844916185536	-0.0742880142994707	0.541809758723655
0.700770742237633	-0.0988908509103486	-0.0985325661371148	0.699594382367654
0.547799029502755	-0.0792628966563047	-0.119187776029577	0.824274159812507
0.376898694494546	-0.0558781269296906	-0.135410376480897	0.914597747078156
0.196691061587802	-0.02983789746189	-0.146930876144084	0.968934282499102
0.012724758394046	-0.00209795622540432	-0.153251029476136	0.988103132809523
0.16684392268094	-0.0263530388345486	0.154220325698076	-0.973490993255819
0.338313723815919	-0.0546316849504372	0.149895145389202	-0.927410722746956
0.495063879130672	-0.081576091328653	0.140751554304877	-0.853490537067864
0.63432999652709	-0.106516554001925	0.126879808562162	-0.755103432258605
0.75257339293567	-0.128772237670843	0.108922869903153	-0.63654285595127
0.847018847329285	-0.147679083003306	0.0873407221995664	-0.503111875190727
0.917414424758522	-0.162668140376072	0.0632055215005649	-0.357623980464708
0.96258148542957	-0.17359320751222	0.036895231756167	-0.204795078279435
0.982383658552308	-0.179964387165381	0.00902630282891099	-0.0495347617215547
0.977507896868955	-0.181904045437641	-0.0195183889468428	0.104920266417757
0.949239533007909	-0.179384509638902	-0.0479077279907181	0.25391013425089
0.899326624314786	-0.172383291781853	-0.0758761975195181	0.394637081586365
0.829461242388985	-0.161263455403692	-0.1021293729223	0.524935935626701
0.742169493043473	-0.146457104162266	-0.126559817362004	0.641652065270029
0.639780119433119	-0.128153908865952	-0.148350328852624	0.743135353989998
0.526395327710128	-0.10661340057982	-0.167552450174153	0.826721064339353
0.402405422369239	-0.0826837832252604	-0.183375134060756	0.893088365307483
0.272555643699677	-0.0568656861588986	-0.195450671781327	0.94036096778065
0.139257830218372	-0.029269542342294	-0.20397021033646	0.96857973544218
0.00435913310866919	-0.00101126346295955	-0.208391186496656	0.978035320781037
0.128237005261903	-0.0278740226716626	0.209029499499383	-0.969063969859883
0.257841792738057	-0.056463861009693	0.205638583875147	-0.942359918045821
0.381134357358916	-0.0842265895412525	0.19845431265948	-0.899031906576017
0.496557289644997	-0.110758830563094	0.187624440270753	-0.840214501758805
0.601449855553117	-0.135789390193979	0.173166230463569	-0.768005709218962
0.695647437229599	-0.158715941270198	0.155813892100581	-0.68308559060419
0.777034847434001	-0.179152129650712	0.135551072519241	-0.58800277810034
0.845038621201607	-0.196821061542783	0.112918288485965	-0.48417007191302
0.898870343084349	-0.21140197726605	0.0880889610676426	-0.373606270382943
0.937762415499112	-0.222962420330978	0.061158470711479	-0.259131342484185
0.962222864244661	-0.230796100960854	0.0337831074374666	-0.140424431485184
0.97164657525449	-0.23542434095467	0.00529921388399265	-0.0212186430878863
0.966554262977632	-0.23632713903802	-0.0237806150286706	0.0967306695041887
0.947225297373717	-0.2338263856313	-0.0521969545023339	0.212990458327498
0.914646857722116	-0.227863718169214	-0.0808673022795121	0.323974892581499
0.869253644422796	-0.218556115933935	-0.108113841763513	0.430049675112881
0.812196022839345	-0.205946593674341	-0.134282106012419	0.529048142462248
0.744569297914819	-0.190359299927529	-0.158717637304662	0.619829500058009
0.667024720632917	-0.172203586475973	-0.181204993030877	0.701846633795497
0.581630320668341	-0.151418867889354	-0.201313805361755	0.773467031163655
0.489442609883658	-0.128383413179468	-0.219064844389832	0.834250696615305
0.391137696210717	-0.103414691823423	-0.234033588484046	0.884050328646124
0.289189392476593	-0.0769891986833364	-0.246052596441504	0.921900362484749
0.183635770914094	-0.049493395103242	-0.254854941411423	0.948091380785692
0.0776751891837898	-0.0208393806867472	-0.26075382978659	0.9620497520656
0.0294710420987722	-0.00797716542422934	0.263405388349747	-0.964201962193464
0.134699138415567	-0.0370148231868785	0.262755997886299	-0.954696459901954
0.237618375503379	-0.0658947202622919	0.259031542021837	-0.933861902907747
0.337039852508866	-0.0941828439628557	0.252046387471725	-0.902223003633982
0.43181337668929	-0.121638157947242	0.242190553292045	-0.860281989896038
0.521161813012006	-0.147853965101812	0.229255902646253	-0.808684920573868
0.603873192744926	-0.172379229720406	0.213686686294662	-0.748305130508575
0.679355533798636	-0.19533042847578	0.195669864240394	-0.679731849067545
0.745974817879764	-0.216291611348566	0.175102632914478	-0.605044277632564
0.80470192456501	-0.234898100523568	0.152580462787631	-0.523447129467056
0.854156733616599	-0.250907658087048	0.128256520665615	-0.437049066395806
0.894265275534124	-0.264404465270826	0.10228358102846	-0.346291733615921
0.924625091719595	-0.275153041200414	0.0752672977630006	-0.25237685624508
0.944918319804685	-0.283231282357715	0.0469149411178225	-0.15718905143618
0.955477670533421	-0.288236036206853	0.0181036797040687	-0.0604538280422456
0.95618879602086	-0.29028002548554	-0.0110063656972403	0.0363229002480773
0.947232567370724	-0.289523943600544	-0.040459631999412	0.13148903974373
0.92859760834772	-0.285641585372831	-0.0694178162826459	0.226487379911419
0.901232128178209	-0.279013756194143	-0.0980974575412014	0.316715746084344
0.865353640314141	-0.269365790340594	-0.125902168098433	0.403427555153792
0.820773719343662	-0.257136130985798	-0.152633002263683	0.486738819487824
0.768978783765196	-0.242340712561107	-0.177867559142462	0.564185909571551
0.709717928514542	-0.225279220534029	-0.201638245784748	0.63631105017708
0.644755939070149	-0.20555932476589	-0.22391688805473	0.701353242153658
0.573480830768798	-0.184192441103047	-0.243891367315072	0.760072287569028
0.497838582665736	-0.160847754987779	-0.26187375869309	0.810991294548046
0.418333161405926	-0.135664173188885	-0.277451639765649	0.854173978632253
0.333675969892285	-0.109667312668028	-0.290245124764261	0.890163577776127
0.248843808571402	-0.0819609100851446	-0.301220181982933	0.916856351954799
0.161491583783429	-0.0534904952312194	-0.309079816433333	0.935697014188127
0.0728829060201312	-0.0244059320126301	-0.314262589965547	0.946219560694452
0.015224483464002	-0.00525170567837029	0.316841442896181	-0.948341781613669
0.103457769783952	-0.0346011594553828	0.316470231375216	-0.942308782877986
0.190217634136679	-0.0641988131404938	0.313579825910225	-0.928096685069454
0.274212841086171	-0.0932976330361443	0.307755871587669	-0.90630524270613
0.356125354411549	-0.121547652934156	0.299336073059608	-0.876811733142697
0.433789371334907	-0.149444779293507	0.288097762341912	-0.84053121214644
0.508531638056969	-0.175544488392925	0.274948408654567	-0.796858254815927
0.578054853853267	-0.200695612665569	0.25907418111792	-0.747298083546016
0.64318790607118	-0.224228431874496	0.241036482925874	-0.691326508765287
0.702376884272619	-0.246059130501837	0.22096365737975	-0.630314745863947
0.755230941544213	-0.266194458954117	0.198821038054446	-0.565010557231737
0.802265618645825	-0.283992693836311	0.175329420327739	-0.494952140468113
0.842600132847133	-0.299677770402196	0.150112180924861	-0.421526491683196
0.875999616339077	-0.313275155847272	0.1234393573733	-0.345320248398386
0.902405614603603	-0.324440847605551	0.0957463378874881	-0.266898636036269
0.921912254967372	-0.332962661520418	0.0673090066213519	-0.186234147786764
0.934133032363587	-0.339077782827252	0.0380775381590488	-0.104746532772741
0.939184336752241	-0.342494467619448	0.00825940428363377	-0.0237087218171836
0.937121426161371	-0.343456152018622	-0.0214485247859533	0.0581486461952915
0.928103671988328	-0.34164175357162	-0.0511919917879555	0.138866361063692
0.912135009963444	-0.337473391357692	-0.0807787219173404	0.218165606386358
0.889239496435065	-0.330596069304308	-0.109564678578988	0.296571978022766
0.860550557366804	-0.32124399019199	-0.138327921552363	0.37029774925081
0.825387514660257	-0.309664935346705	-0.16586977387131	0.441961872309779
0.78428846579815	-0.295655236100417	-0.192447560197265	0.510336673536706
0.738363593472997	-0.279392703808268	-0.217578538098109	0.573949911274005
0.686234465758096	-0.261172626046827	-0.241160027472917	0.63459668968469
0.629971030615329	-0.241033183745555	-0.263277194654646	0.689727934546457
0.569848231863077	-0.218901862041194	-0.283684560650865	0.739512026599804
0.506186925601836	-0.195058726327812	-0.302240930555235	0.783822243579652
0.438742216716233	-0.169824273429372	-0.318595767970162	0.822898365569293
0.369413585296044	-0.143349097007358	-0.333043787965572	0.855608832752117
0.29614384860566	-0.116197097238254	-0.344869428965813	0.88309803107652
0.222883279744799	-0.0872978263393015	-0.354665890044547	0.903833081694593
0.147328947665406	-0.0581388231912682	-0.361969821601553	0.918635894501994
0.0709949715031143	-0.0285757026854371	-0.366738716266859	0.927170888902494
0.00424955772738015	-0.00175395078806797	0.369210355416704	-0.929334481426804
0.0802202342625434	-0.0317943544378634	0.369262763749886	-0.925310134143433
0.154479539813509	-0.0619531966781211	0.366750466338262	-0.915309766494948
0.227958227401739	-0.0917163443716409	0.361829965408259	-0.899278730354286
0.300676538634588	-0.120666364163155	0.354601618507637	-0.877092321153327
0.369176654923075	-0.149674909576435	0.344873894508188	-0.849922358683339
0.436083260952846	-0.177273265895508	0.332982917534156	-0.817023840133147
0.499414097118078	-0.204180943803424	0.318898590537916	-0.77922999861415
0.559844704466842	-0.229707341181736	0.302585920682308	-0.736376401640148
0.615681709672263	-0.254123518048069	0.284239221625878	-0.689612452642372
0.669176654812507	-0.276631300119811	0.264474427744651	-0.63697017631684
0.715996409049503	-0.297859073226944	0.242191409106499	-0.58307155313873
0.759323753870128	-0.317093340862199	0.218767241893313	-0.524423630153924
0.797801476269098	-0.334373228777623	0.193763260004011	-0.462777643596029
0.831055727621894	-0.349671279430458	0.167484765241801	-0.398779672676793
0.859417238513472	-0.362884155301079	0.140290991628633	-0.331716049724995
0.8821035464424	-0.373981505367812	0.111851673271085	-0.263667157953025
0.899239914378111	-0.382842432336605	0.0824932840867768	-0.194920769730722
0.911196626634173	-0.389310398971945	0.0528318736691699	-0.123963357438455
0.917511150463628	-0.393510888098749	0.0227705920461566	-0.0529525245905461
0.918356044981389	-0.395267435252534	-0.00766747461659007	0.0180842226271568
0.913707115528699	-0.394747760934747	-0.0382097171722149	0.0886201432116177
0.903684047717659	-0.391920076029307	-0.0688560492679353	0.158153850364202
0.888468876620092	-0.386705714003103	-0.0988987346824811	0.226496768879794
0.867887500110066	-0.379272238162692	-0.128444379935941	0.293982818842588
0.842447111359653	-0.369622536754067	-0.157349808091261	0.359030754642145
0.812225885328998	-0.357741041905418	-0.185520278368341	0.421773261898008
0.777483083085808	-0.343706365212019	-0.212760529736253	0.48178724247792
0.738527702006976	-0.327484202838427	-0.238835399056697	0.538784356136111
0.695303182920364	-0.309532580407813	-0.263832477542529	0.592566864818362
0.648620432456068	-0.289516792450532	-0.287214961101795	0.642634521021827
0.597899427706434	-0.267979063292653	-0.30900953365861	0.68935956081946
0.544452369918352	-0.244832769131288	-0.329221585013591	0.731602132317105
0.487916601957783	-0.220181774022102	-0.347605959178533	0.769823014118195
0.428954666066332	-0.194288866130257	-0.364163205038632	0.803514088895604
0.367574991659266	-0.167253199718309	-0.378624222650637	0.832801711521344
0.304999968411442	-0.139027873619207	-0.391189026158623	0.857098253083629
0.240559600525703	-0.109804313565986	-0.401520593682943	0.876843945161118
0.175137298323016	-0.0802956283117339	-0.409776605627178	0.891606792420744
0.108770908503937	-0.0499855904548249	-0.41572858321775	0.901576438970026
0.0419524038712451	-0.0194335304959096	-0.419488943908939	0.906582240968822
0.0243443973747074	-0.0115340236593976	0.420930235314734	-0.906692921342485
0.0913297665888822	-0.0423194437450091	0.420153920869777	-0.901852882233952
0.156283497374046	-0.0731887548033698	0.417072270503251	-0.892339394959189
0.221106417337867	-0.103620315506425	0.411837523178102	-0.877932022954447
0.284484018647822	-0.133447851073741	0.404243637804258	-0.858980555933932
0.345391052585361	-0.162988391544929	0.394555150338989	-0.835742806344482
0.404678819352048	-0.1917923611034	0.382850565130274	-0.808007542148986
0.461816579043189	-0.219438581671658	0.369014427933223	-0.776144643846682
0.516763151983391	-0.245883188997266	0.353239234274447	-0.74008063445136
0.567812298877678	-0.271713178780937	0.335516741802903	-0.700849240343435
0.616533769229799	-0.295793203754475	0.316049219311094	-0.657651414493125
0.66159041840622	-0.318538807452698	0.294731003748191	-0.611526599461773
0.70346143999025	-0.339654043165814	0.272046158249853	-0.561932399127738
0.740683539932327	-0.359335534217559	0.247359758104649	-0.510958919671932
0.77504270501768	-0.376898035054669	0.221891428974082	-0.456093050066154
0.804613349375915	-0.392861450035659	0.194778204766168	-0.400398164368945
0.830935006376839	-0.406604686231956	0.167280328266134	-0.340935384034732
0.852240244231034	-0.418663287357747	0.138155407588666	-0.281639310618815
0.869538279480258	-0.428351359929323	0.108603967556355	-0.220507304178864
0.882445599384131	-0.43604246322947	0.0783697356684685	-0.15816105373831
0.890830874017532	-0.441563073811989	0.0476671088414905	-0.0957614352313163
0.894768812774378	-0.444977426183366	0.0162502614136259	-0.0334632765512619
0.894304383491282	-0.446247827737411	-0.0149828457939794	0.0292926652907161
0.889513676062066	-0.445163783123086	-0.0462980771318635	0.0919299426084024
0.880358352888619	-0.44186938949406	-0.0773003021327631	0.154095023987043
0.866857344095274	-0.436549073823148	-0.108159764593525	0.215138830654332
0.849392191457157	-0.428941688355626	-0.138727494795642	0.274402287289952
0.827584536380008	-0.419409653099723	-0.168535792958192	0.332858925858104
0.80199500173958	-0.407716647937227	-0.19768575547858	0.389219082600564
0.772550079190936	-0.394037107257859	-0.225955186933267	0.443672612118315
0.739769532313063	-0.378356932882607	-0.253293641108533	0.495408318233516
0.703005664771623	-0.361064429696738	-0.279235296934128	0.545383499798892
0.663682084828584	-0.341525372074113	-0.304443342568694	0.591777628567373
0.621402746066398	-0.320468682384736	-0.328096861412286	0.635225078474661
0.576225175656987	-0.297639302147379	-0.350225107475537	0.675808972158586
0.52833186883671	-0.273739756317051	-0.370583564259198	0.713161835829666
0.477814322445387	-0.24839961060483	-0.389361037081838	0.747254367347545
0.424940324716491	-0.22198632898643	-0.406229686429248	0.777897957341814
0.370545955598941	-0.194166178838832	-0.421381951793419	0.804631866437791
0.314787772059749	-0.1655105670197	-0.434628573297984	0.827413387636094
0.257967487517017	-0.135819287896247	-0.445835865391778	0.84630743678044
0.199411203451797	-0.105749845315977	-0.455136285029355	0.861337973273691
0.141009848819942	-0.0744970627477552	-0.46226871568544	0.872280943662229
0.0817418860061182	-0.0432831754176962	-0.467417131392692	0.879184881625333
0.0216689960707617	-0.0120801141784028	-0.470286849560092	0.88216483980125
0.0377968263230015	-0.0199367060019836	0.471024781269741	-0.881084322357112
0.0966604705926728	-0.0517112956722488	0.469643532892549	-0.876023770988496
0.155333611680293	-0.0831867374177827	0.466225080872322	-0.866940372670311
0.212587014430853	-0.114676724162825	0.460529627757194	-0.854147804650038
0.26917447850579	-0.145677230409996	0.452935804699561	-0.837360377306193
0.3247913322615	-0.17585829741916	0.443117273559581	-0.816842415395869
0.378235289778514	-0.205482517189626	0.431297490515269	-0.792904455385899
0.429712943757017	-0.23432250789265	0.41761498538766	-0.765530843429735
0.479807426451059	-0.262096105422536	0.402057206057569	-0.734466110928157
0.526875082256738	-0.288817619617881	0.384502243411977	-0.70081741923726
0.571775445444051	-0.314473765907927	0.365221630585296	-0.663921871228506
0.613877004685652	-0.338770231922037	0.344220442032432	-0.624421364439638
0.653611480632623	-0.361530505227186	0.321850621165654	-0.581807445664533
0.690201515132543	-0.382787560608152	0.297794770166279	-0.537041736566178
0.723501460475872	-0.402457339369573	0.272493044731453	-0.490225730913654
0.75397151103073	-0.420306966794677	0.246111795448299	-0.440792466313923
0.781331310307295	-0.4362220213856	0.218694453035212	-0.389107270303931
0.804118447714859	-0.450858046573162	0.189493337181771	-0.337953871184506
0.823903858017738	-0.463437491076262	0.159825705579601	-0.284365730080839
0.840197293588724	-0.473731670350976	0.129382626308125	-0.230015104639392
0.85294994348888	-0.482256836531282	0.0986967513994893	-0.173676966764003
0.861845716573945	-0.488735958472363	0.0668354759634383	-0.117864934870319
0.867135898515527	-0.492997960469159	0.0348614285660175	-0.0617496986005213
0.868748925993611	-0.495219645336673	0.00265618997763174	-0.00507455538648423
0.866650180949272	-0.49538088184507	-0.029448598391884	0.0514589721598441
0.8609204520424	-0.493412305434942	-0.0616271293007153	0.107528456859747
0.851459648302583	-0.489451820370827	-0.0935468129480016	0.163408618608068
0.838663089752386	-0.483234360250428	-0.125571255213877	0.217624986672834
0.822376859725712	-0.474947257293091	-0.156932140468117	0.271097227329131
0.802399098684137	-0.464895391028024	-0.187429682793607	0.323879724341728
0.779530376575026	-0.452634057053758	-0.217627223960369	0.374290253390544
0.75309783400172	-0.438615189312307	-0.246695161028314	0.423794603141264
0.723808789356662	-0.422727720840277	-0.274891499644055	0.470995513679982
0.691580612192477	-0.404880720298554	-0.302077081897793	0.516272501458402
0.656618353326025	-0.385527500754874	-0.327983472194774	0.55914910909719
0.618965385652518	-0.364364937772568	-0.352802604957078	0.599708567073643
0.578756609119787	-0.341941442108266	-0.375913476809994	0.637813370447585
0.536838510708993	-0.317569849663384	-0.398019804702829	0.672706502918508
0.49258675425308	-0.291912991801888	-0.418289957153776	0.705108932361503
0.446293392428414	-0.265130071047975	-0.436995928537319	0.73454939367114
0.397811024739611	-0.237533011347483	-0.453700741715042	0.761235899102924
0.348813255309369	-0.208388873482962	-0.46887497644647	0.78425738555101
0.297609622893676	-0.178677484529242	-0.481970835794787	0.804491754045162
0.245990854007248	-0.148023346330091	-0.49333417981783	0.821096203687178
0.193291794569827	-0.116738644577294	-0.502641195000732	0.834483193421214
0.140291081334957	-0.0847834904040452	-0.509982242586094	0.844421864058265
0.0863164622287012	-0.0524216363876031	-0.515250045580641	0.851069228039597
0.0325345212654868	-0.0197240625234518	-0.518472480640694	0.854247477667849
0.0208638413970514	-0.0132525353281381	0.51963878656539	-0.854028454986357
0.0748028955661359	-0.0458014228469993	0.518722045235828	-0.850431770494537
0.128503576921523	-0.0784452703577437	0.515849691623551	-0.843345875622073
0.181026451601506	-0.110955098861144	0.510817987954379	-0.833056644556372
0.232472405082159	-0.143211963193317	0.503698204708498	-0.819594432049821
0.284016608917139	-0.174549195658344	0.494720472802097	-0.802570120266575
0.333030006245514	-0.205609368908675	0.483638294698216	-0.782885561406321
0.381152696074598	-0.235865826547933	0.470659944858252	-0.759979703971069
0.427649404589123	-0.26539478164716	0.455817693605596	-0.734106141389037
0.472322202047835	-0.293791952999627	0.439271974782216	-0.705434729777519
0.514445964353265	-0.321456713370966	0.420556315360884	-0.674643103277172
0.555673177458433	-0.347459069934693	0.400651073026593	-0.640295425765331
0.593711381784749	-0.372392427751969	0.378831462829928	-0.604414921773425
0.630008641772969	-0.395838320410155	0.355742048262457	-0.565551704518939
0.663413844033542	-0.418031273813217	0.330966305556285	-0.524969742218694
0.693975047661581	-0.438508667554532	0.304904611481609	-0.482847760272225
0.722183322322122	-0.457286014913111	0.277712000406067	-0.438425357792098
0.747296709232746	-0.474534854529892	0.249097274766381	-0.392829285962954
0.769813134357883	-0.489800762162642	0.219806615606021	-0.345207188932697
0.789016130143208	-0.503359085716745	0.189363428552289	-0.29702637783059
0.80526865834514	-0.51496818910647	0.158334160352753	-0.247548875498979
0.818557027186718	-0.52457660435315	0.126664458416299	-0.196824526882873
0.828490416647101	-0.532272518823579	0.0940375169977095	-0.146446374574521
0.835365337658968	-0.537923482588703	0.0613135515037897	-0.0950985169156296
0.839076412783813	-0.541566402469032	0.0282876695636664	-0.0430861111874277
0.839473119057157	-0.543316135606185	-0.00528513740688572	0.00803283841492275
0.836853059822597	-0.54283411426466	-0.0386358657010663	0.059290391612719
0.83100820034952	-0.540396727540004	-0.071973520476001	0.110528549100211
0.822049476700021	-0.535946592505952	-0.104881061517625	0.161232350269467
0.810203434413765	-0.529275489845488	-0.138116090908953	0.210622401811841
0.795086046950015	-0.520802255999516	-0.170041328067757	0.26017135668664
0.777357600774003	-0.510209565716233	-0.2023093236581	0.307363460957124
0.756499729993345	-0.497822469498432	-0.233198005364952	0.35425928029663
0.733713376064923	-0.48303825293272	-0.264455516237853	0.397997497377169
0.707030325289492	-0.467142552660285	-0.293099294508826	0.442694881575896
0.678168684696648	-0.449300144412878	-0.321444343366888	0.484654670301252
0.646897713084264	-0.429678371372123	-0.34860462731471	0.524761526596722
0.613277478045362	-0.408445562060261	-0.374578530457514	0.562808921638497
0.577502398804729	-0.385795816698979	-0.39925040928868	0.598541291704401
0.539892071397171	-0.361271126483644	-0.42264655330345	0.631956972738196
0.500692523084902	-0.335297941586605	-0.444739540180214	0.662637932128061
0.458777705231865	-0.308727862098567	-0.464652056395436	0.691598576367624
0.416076639773018	-0.280434069919731	-0.483292700138021	0.717401650581284
0.371848829043578	-0.251018372189751	-0.50012657297226	0.740669721380016
0.325892740958605	-0.220870933634427	-0.515211613615378	0.761292943131474
0.27942873280491	-0.189573666369384	-0.52843582025056	0.778933239872603
0.231674668933398	-0.157864933233681	-0.539663845397329	0.79383149635215
0.183026029713097	-0.125246573378692	-0.549077269922289	0.805809481179666
0.135141657709093	-0.0916329668645236	-0.556565250874482	0.814601284834653
0.0857638610105151	-0.0582659858452979	-0.561934306001365	0.820657949926039
0.0364476304913817	-0.0245079358036125	-0.565305481186935	0.823711505476412
0.0136929620495046	-0.00922422669805976	0.566625421702047	-0.823810080002127
0.0628673998929255	-0.0432608103144321	0.565922110453322	-0.820919214796255
0.111588254294716	-0.0772291984313541	0.563283473572975	-0.815043214076819
0.160481765162797	-0.110771738464109	0.558542993483149	-0.806228844335623
0.207807536747022	-0.144378231425111	0.551688653405289	-0.794739318056903
0.254661238540452	-0.177290066663944	0.542835010073138	-0.780414016843774
0.30068360554404	-0.209728257695694	0.532176236184858	-0.763146041672944
0.345480055133569	-0.241523259701743	0.519493986626178	-0.743260414920094
0.389586434458744	-0.271842241467737	0.505194134128845	-0.720488093365412
0.430839416411734	-0.302374802200191	0.4885907687368	-0.695863447068155
0.470648475307271	-0.331826283881063	0.470206449903738	-0.668795353217671
0.509572299913598	-0.359419637320285	0.450497921799126	-0.638909397273189
0.546860695542748	-0.385807237089809	0.429246204211473	-0.60650132040225
0.580964567077397	-0.411529414103298	0.405885977722651	-0.573044750622931
0.613512203085646	-0.435472826120719	0.381490316578686	-0.537058034789654
0.643530372282383	-0.458161984240507	0.355261270766796	-0.49974562093135
0.671720827001637	-0.479014480197772	0.328154899925576	-0.460055018435763
0.69731228570571	-0.498304160792003	0.299735881832763	-0.419054818231686
0.720176572412012	-0.516024974659301	0.270002624236568	-0.377044444306132
0.74080958459298	-0.531765216780459	0.239612808452162	-0.333185557344966
0.758457524383088	-0.545832077588521	0.207879883279492	-0.289128830990237
0.249869784980378	0.134290662125164	0.480168958102768	0.830041493116065
0.785887330073928	-0.568361067061887	0.142344204599518	-0.19769908774316
0.795714781153945	-0.576469395804998	0.1090397782193	-0.15043719460039
0.802541820946824	-0.582760909607984	0.0749037250681587	-0.103468738443769
0.806678940244896	-0.586904406717144	0.0398881560942183	-0.0567559666006353
0.807944225945467	-0.589167834803941	0.00586931696318144	-0.00854056861118654
0.806438596137571	-0.589327856003084	-0.0287292768010949	0.0390396907384935
0.802069000299432	-0.587526505635713	-0.0633073036717221	0.0865454171864397
0.795108236289439	-0.583548667113602	-0.0979539189293136	0.132961932375493
0.785210692098532	-0.577727301939743	-0.132085076064483	0.179523999199574
0.772812468734244	-0.569662463311348	-0.166178780484732	0.225011508549092
0.757714736370304	-0.559797228189512	-0.199308195674159	0.269762274485762
0.73999565947341	-0.547949525074756	-0.232184261366211	0.313445706151303
0.71997258919427	-0.534134020514826	-0.264255539651618	0.355681498957985
0.697019828777118	-0.518677136622797	-0.29513012857803	0.397536908276211
0.672209787228996	-0.501203253022923	-0.325519299854216	0.436997124172698
0.645213377183071	-0.481774501923649	-0.354979190036447	0.474955578808486
0.615621962899765	-0.461241537019846	-0.382689471181047	0.511678230893381
0.584371807479192	-0.4385678427477	-0.409720920085361	0.546165364679541
0.551241237632539	-0.414464434506312	-0.435109249095031	0.578819723069859
0.516119137567539	-0.388844889269948	-0.459289684131738	0.609486401796915
0.479393916631579	-0.362095390038371	-0.481699793763794	0.637991935605391
0.441350765741596	-0.333708424536286	-0.502742945942468	0.664151879676558
0.40164065620851	-0.30435835536798	-0.521964370486519	0.688188906290059
0.36020474142003	-0.27407486055857	-0.539428235125208	0.710037107634547
0.318249495052376	-0.242534089287763	-0.555221587420407	0.729125135552621
0.275195792309209	-0.210071275027288	-0.569219225753648	0.745739102056566
0.230912891447615	-0.177127516950687	-0.581151599171776	0.759978880023829
0.18707667325912	-0.143116580470423	-0.591371404745908	0.771232665520337
0.141694081724664	-0.108662867153421	-0.599456951463512	0.780234920936172
0.0964820063715208	-0.07371804399517	-0.605558397932123	0.786483247838079
0.049710146437148	-0.0392612224664472	-0.609633671984994	0.790148241619084
0.00457848590489208	-0.00345344798938241	-0.611594871637385	0.791150317038838
0.0412791391128039	-0.031753924985902	0.611714424212019	-0.789362517562782
0.087110212295604	-0.0669671675807438	0.609637431551354	-0.785028287026331
0.131658810373709	-0.102613692241427	0.60544244654836	-0.778187529926494
0.176969703661278	-0.137191980744263	0.599340324586526	-0.768538391838705
0.220977473808534	-0.171753764780642	0.591287855516234	-0.756338728528355
0.263637770880861	-0.205936568644209	0.581044772514455	-0.741938156313345
0.305317513722103	-0.239703016612223	0.568958910455324	-0.724989267406797
0.346186810812249	-0.272524456037283	0.554832941466574	-0.705723401868449
0.386200416675206	-0.304311528596173	0.538979584518692	-0.683918664166592
0.424778159116743	-0.335215506582552	0.521223564397569	-0.659939448434997
0.460890255292222	-0.365965624773573	0.50125875696566	-0.634341384922977
0.496816229888586	-0.393930739908031	0.48055555602612	-0.6058535825158
0.530571919035125	-0.421267947677408	0.457853311219716	-0.575671000134791
0.562189847935952	-0.447615241639092	0.433362660262542	-0.543856575781062
0.591904614541894	-0.472435107066763	0.407305164787506	-0.510447352458851
0.619630896965567	-0.495736676630073	0.379791014064958	-0.475459235481791
0.645452530240424	-0.517312841061281	0.35147711834304	-0.43845443430374
0.669133787167524	-0.537127896909271	0.321764976377478	-0.400276026273709
0.690297140451186	-0.555488567116581	0.290764464664809	-0.361079403699341
0.709035014591825	-0.572195447902117	0.2585100895009	-0.320989487536746
0.725925434706988	-0.586580763172351	0.225824114605165	-0.279210925259751
0.740071464041102	-0.59936623569213	0.192236692464035	-0.236853114175842
0.751833661961982	-0.610100350269938	0.157485466281696	-0.19422161375957
0.761295519235761	-0.61877092121425	0.123188701607476	-0.149586841826029
0.767823395471845	-0.625640942149944	0.0873302584061654	-0.106743013066568
0.771948659271896	-0.630508556640963	0.0512308597890026	-0.0626867326962571
0.773711840505105	-0.633083295255934	0.0152928269738865	-0.0184840085814223
0.772816612700993	-0.633762411338011	-0.0205288727362453	0.0260433195382518
0.769406160953718	-0.632348517720735	-0.0571373019933353	0.0698916328595439
0.763561754079605	-0.628818352149592	-0.0932043628126634	0.113463097346379
0.755203692176715	-0.623245114711031	-0.129273059383389	0.156593059964834
0.744358819175932	-0.615724179534014	-0.164367677699013	0.199491728099214
0.731295809867329	-0.605899043319017	-0.199907481757028	0.241101195586314
0.715671589815301	-0.594337554432837	-0.234127078047735	0.282420888474743
0.697910212318658	-0.580732801777786	-0.268052580098333	0.322208880671023
0.677969639247637	-0.565117223464707	-0.301126199788509	0.361002359830099
0.655582604218029	-0.547873330367709	-0.333071829957667	0.398885220341835
0.6314489874512	-0.528567215793387	-0.364354058781905	0.434896533079346
0.605058911977688	-0.507618035015005	-0.394131277303897	0.469987425166547
0.576918516632119	-0.485098320674694	-0.422765469335536	0.503104365299181
0.546772944742961	-0.460887433293242	-0.450073434215829	0.534842055697426
0.515130991502515	-0.434975180972585	-0.476360347943081	0.564373522092461
0.48209610604772	-0.407627505832406	-0.501049147165902	0.591923063536807
0.44725265582687	-0.378962086367209	-0.523881704389591	0.61798119611998
0.411021487696019	-0.349098624080607	-0.545134236376053	0.641887958796453
0.373838169022741	-0.317963907304464	-0.564760217848887	0.663468065070717
0.335449497484578	-0.285672652946626	-0.58269075535836	0.68288817065145
0.295541053989484	-0.252797616762301	-0.598456231681903	0.700427718702781
0.255175653160278	-0.218608840031035	-0.612605434611578	0.715409073592773
0.214122242298778	-0.183720382648786	-0.624771423843622	0.72805161513504
0.17202918982574	-0.148621160670202	-0.634810243413558	0.738467103740012
0.13015292600249	-0.112052248917118	-0.643025408105877	0.746339623694117
0.0880865944213731	-0.0753445325653753	-0.649141829049735	0.75178377148866
0.0444432041062832	-0.0393090665750838	-0.653007416618403	0.755023782893706
0.00200913466649043	-0.00195585779920815	-0.655062258823788	0.755569702319275
0.0404462498296889	-0.035214010109696	0.654897043004414	-0.753812932650258
0.0833732107063787	-0.0722136502812107	0.652562442136696	-0.749664161849934
0.125287401065397	-0.109057377529106	0.648197548522002	-0.74313490944163
0.16685731973674	-0.145877630657437	0.641633797745231	-0.734291782137779
0.207847458171829	-0.182157024509852	0.633153876865506	-0.723003748789318
0.248354758619128	-0.217667687931226	0.622645379384336	-0.709403568523056
0.287329374954372	-0.253022545913402	0.609962454026545	-0.6938063319297
0.325993435780436	-0.287147281029319	0.595450466611359	-0.675805786182577
0.363302752741747	-0.320719186325511	0.578950075558938	-0.655718783765778
0.399426839036671	-0.353133053237019	0.56065945699503	-0.633574163181164
0.433908829830851	-0.384936822537117	0.540297932796032	-0.609610460758494
0.466942698061202	-0.415501119591355	0.51810109908448	-0.583861787988484
0.499325961215837	-0.443952198235724	0.494963628040592	-0.555509709235081
0.52905886507345	-0.471947313089639	0.469427066214413	-0.526308541123923
0.557225527134295	-0.498315122744548	0.442297591327583	-0.495534651724591
0.583835653348487	-0.522945385434381	0.41420177532346	-0.462710431102354
0.607982603131391	-0.546350204395922	0.38415815987494	-0.429279765010664
0.631058198919348	-0.567432595214577	0.353625466942118	-0.393363481521464
0.651587160608259	-0.587093151257572	0.321648448908887	-0.356788563706053
0.670162317720189	-0.604823864424045	0.2885565698844	-0.319070003146046
0.68634993935505	-0.620879268421464	0.254155248239709	-0.280780705505129
0.70053500011016	-0.634875532669188	0.219095655457363	-0.241207100638396
0.712290918346849	-0.646882068039789	0.183368415111031	-0.201398267194228
0.721790007752223	-0.656978050656201	0.146464418331917	-0.161081345374682
0.729076508213473	-0.664852809884606	0.109586802207388	-0.120037157337848
0.733953957554381	-0.670728473660247	0.0719173094027822	-0.0791378760134632
0.736582196166267	-0.674448263061738	0.0343349390706345	-0.0372467542599221
0.736817859428364	-0.676067644179102	-0.00366790870829095	0.00430452868852368
0.734807524037285	-0.675458615823323	-0.0415515462959541	0.045684022684636
0.730319742380302	-0.672881167114713	-0.0796399032845562	0.0867265509330177
0.723706931183516	-0.6680118240066	-0.117604234818975	0.127191684857768
0.714656604062482	-0.661137767521758	-0.15466097948493	0.168055859912677
0.703592212802168	-0.652035730896794	-0.192051302083052	0.207180358833157
0.69007624332829	-0.640964024275766	-0.228693986370062	0.246290394811285
0.674387126663129	-0.627894921088642	-0.264203765203409	0.284861969933649
0.656604959941467	-0.612837718053812	-0.29901923655106	0.322315612534176
0.63736369739634	-0.595359897194653	-0.334032599280391	0.357402200149391
0.615659183544515	-0.576403653256566	-0.367031388937888	0.392441789013493
0.592086483593204	-0.555498883854269	-0.399295745774948	0.425931324733135
0.566638560774694	-0.532885780987331	-0.430180883143223	0.458146148780957
0.539579064296727	-0.508311792157267	-0.460106327575404	0.488646828140336
0.510907045952264	-0.482196399477924	-0.488451316699233	0.517567323100718
0.480971867010049	-0.454349382474405	-0.515341866301945	0.544660869373249
0.448758685698495	-0.425350510002804	-0.540497795356767	0.570574025753879
0.416018734873659	-0.394522146354117	-0.564267807826923	0.594039164803517
0.381717581036187	-0.362715997879646	-0.58605291646529	0.615849634499025
0.34604959495868	-0.32997082630421	-0.605919817737112	0.635790929544041
0.309474278650094	-0.295630981531279	-0.624178686022199	0.653627540368716
0.272110148835152	-0.260596520353912	-0.64042955742914	0.669249955137437
0.233896913538352	-0.224541902722179	-0.654710825956877	0.682808100518732
0.195459390641002	-0.187266169897723	-0.666975768494232	0.694168806893262
0.156185273548795	-0.149817915236218	-0.677162722336021	0.703286143812908
0.116354382003489	-0.111766903676512	-0.685238934260393	0.710223500037018
0.0760859516440322	-0.0733835724647772	-0.691144970863059	0.714943640090203
0.0363141197814291	-0.0343818591484635	-0.694818227766723	0.717444633981679
0.00435771128600458	-0.00421486916554951	0.69643012051214	-0.7175990053461
0.0448986894561047	-0.0430382883282994	0.695871362106425	-0.715468280794504
0.0849208458270503	-0.0820525038249058	0.693086905959145	-0.711116289609556
0.124143192421874	-0.121158355138789	0.68793841396378	-0.704733892578161
0.163105805505126	-0.159823705868157	0.68082817054344	-0.695935256649327
0.201650721472634	-0.197783426470541	0.671419210629652	-0.685138632935403
0.239078446830408	-0.235588046273157	0.659982370726612	-0.672133200373585
0.276852919607137	-0.271934007781958	0.646577926509381	-0.656765819198499
0.312471947127413	-0.308303202310118	0.630895313571778	-0.639751139910589
0.347741369587701	-0.343150201342933	0.613390176432696	-0.620545220472643
0.381184206825969	-0.377806008040588	0.59347998094649	-0.599785572492908
0.413825801296284	-0.410708887041524	0.572066654027302	-0.576893542723966
0.445657877450257	-0.442082293138198	0.549162434974809	-0.55170002933908
0.475068760208367	-0.472894181601233	0.523805176481244	-0.525650932818764
0.503216659823247	-0.501984058753178	0.497049303738419	-0.497721797480454
0.529692931690365	-0.529570465895813	0.468459809294908	-0.468535939756532
0.554543765004977	-0.555485061133114	0.438618105873592	-0.437643367083186
0.577569085911889	-0.579777625370988	0.407234831352201	-0.405501724104383
0.598646916251642	-0.602372080427266	0.374448160026684	-0.37223422980263
0.618152735164702	-0.622890945633494	0.340458221947047	-0.337612595980756
0.6351550408084	-0.641897661085498	0.304834909389001	-0.302689849262321
0.650673866629866	-0.658400630758908	0.269289341028491	-0.26573554430985
0.663793337768088	-0.673152400843694	0.232119673834214	-0.228833360750065
0.674771519010444	-0.685836961444006	0.193940469264916	-0.191567622083941
0.683832697727556	-0.696271795185442	0.15561785740928	-0.152844729065941
0.690703859431036	-0.704480739866766	0.116816602686653	-0.11396906185713
0.695205799343149	-0.710690410877421	0.0771196753936903	-0.0752369065931626
0.69768571637285	-0.714527507353721	0.0372250782033548	-0.0360468577955984
0.697828666907536	-0.716252634588321	-0.00297623288760276	0.00290811367377834
0.695870584521511	-0.715634391023485	-0.0436354193871214	0.0415631827107412
0.691799790455766	-0.71271546478587	-0.0830258952655782	0.080971704290874
0.685376636507226	-0.707667838719988	-0.124035557718828	0.118660341280489
0.676875280530284	-0.700424290251785	-0.162362245689848	0.157747169251568
0.666486717095073	-0.690741501900067	-0.20209625187547	0.194496114271103
0.653706896192582	-0.679096307117309	-0.240489836944407	0.231646579634468
0.639133389469451	-0.665138925223184	-0.278589872778971	0.267369413739185
0.622306739442308	-0.649159327037032	-0.315548191446141	0.302912246435466
0.603735154595109	-0.631085553800376	-0.351563617493563	0.33710222447402
0.583454783540797	-0.610762491226516	-0.387141689377426	0.369690420784925
0.561242018757158	-0.588795545390292	-0.420964373250753	0.401392823258636
0.537280790181164	-0.564824790517691	-0.453856214929886	0.431644349770118
0.511808047455702	-0.538837940835297	-0.485425624683631	0.460508587299374
0.48454404551055	-0.511282160742843	-0.515284743683466	0.488148802101843
0.455975577663257	-0.48202340565889	-0.543714010052024	0.513920990274587
0.426415157671633	-0.45079571633256	-0.570751416715444	0.537769612158779
0.394688761667938	-0.418870083822713	-0.595341703804397	0.560657551454238
0.361956975710581	-0.38554738713578	-0.618378075214637	0.581333739001156
0.329140164455629	-0.349838669026473	-0.639932060112078	0.599805481999472
0.294079381035331	-0.314206806967021	-0.65892956045655	0.616930494028301
0.258587855851378	-0.277181678047782	-0.676134393253114	0.631779170613472
0.222456156333831	-0.238965212237988	-0.691247784513268	0.644659124076228
0.186017541045294	-0.199760890271329	-0.704299923465205	0.655327917113543
0.148512438089091	-0.160369650559054	-0.714949527482607	0.664133122246435
0.111104590839713	-0.119731277871397	-0.723573078757174	0.670643117232621
0.0729836756735953	-0.079264912201415	-0.729829334290131	0.675084883246913
0.0338954581544544	-0.0388071338848719	-0.733924898200245	0.677273466243807
0.00306805970562861	-0.00322243259848397	0.735558497584103	-0.677446602744163
0.041102214813809	-0.0445267586485646	0.734870682414318	-0.675494674908372
0.07870090866047	-0.0859789462997979	0.731815172247222	-0.671461347687237
0.116412978127954	-0.12709345185863	0.726456956562539	-0.66524849739021
0.153500705806993	-0.167638083812719	0.718934289431574	-0.656862613985506
0.189892069856459	-0.208237964639507	0.708955390714758	-0.646498419073791
0.225648392765112	-0.248030017758063	0.696794127193162	-0.634067707301496
0.260809007714223	-0.286980986523325	0.682377073902523	-0.61966289535638
0.294787634242455	-0.325299733292799	0.66565104097046	-0.60348075849385
0.327931710702885	-0.362476398566568	0.646942464598887	-0.585266692283448
0.359691851431106	-0.399130537897593	0.625749058576868	-0.565468568022843
0.390436574586405	-0.434046860825515	0.602935297067394	-0.543720177465399
0.420566721160027	-0.46698202088097	0.578754247725504	-0.519706596038875
0.448497886082348	-0.499685690154144	0.551643922096993	-0.494826070906019
0.474974950934453	-0.53057026739776	0.522921692172839	-0.46845158895384
0.50029053670383	-0.559466099722395	0.492946558264542	-0.440125837506897
0.523673011057134	-0.586896895408689	0.460887679732493	-0.410975860995261
0.545272955144522	-0.61253239616505	0.427560277706245	-0.380359930807677
0.565322072499507	-0.636184509751416	0.392648161886441	-0.348579467072304
0.583350559499204	-0.657925152225667	0.356551330507242	-0.315765367819707
0.599436159123652	-0.677731404401788	0.31880043879955	-0.282352111456384
0.613784789487229	-0.695237968333205	0.280283713532997	-0.247696264627039
0.625979351854806	-0.710624691012609	0.240903041535656	-0.212433811229618
0.636302210527175	-0.723657642123165	0.200661218582007	-0.176562139860607
0.64452447243585	-0.734500827007865	0.159760344078999	-0.139904867734511
0.65064967295105	-0.742987093742708	0.118038237684257	-0.103402882285029
0.654722198394404	-0.749119794669296	0.07614384089277	-0.0660340189472604
0.656646042028098	-0.752894969698883	0.0332519402653882	-0.0293163531077709
0.656494937675071	-0.754232586951588	-0.00936745671900748	0.00773642953411723
0.654266033723028	-0.753139463808171	-0.0519432705549431	0.0449310784995709
0.649879790315522	-0.749685193177139	-0.0945178079168982	0.0818214718578979
0.64346870357999	-0.743786765281159	-0.136881176283216	0.118291246020154
0.634947518307237	-0.735551892236007	-0.17887997502758	0.154295227915974
0.624524574905498	-0.72484481566479	-0.2202226578232	0.189923746604448
0.611948313429896	-0.711937984764866	-0.260942002984871	0.224884055943259
0.597629858442996	-0.696547024158665	-0.301249989170014	0.258668203415456
0.581272385073925	-0.678918778639691	-0.340713377703966	0.291729499047346
0.563109405328602	-0.659166141181709	-0.378788102983897	0.323924943448238
0.543198504688692	-0.637103171451772	-0.415925231709007	0.355022724706281
0.521533187883499	-0.613036143033088	-0.451897767593886	0.384679384572208
0.498543256602778	-0.586578410863515	-0.486641430873956	0.412989717743285
0.473675408792097	-0.558797616904197	-0.519233188574509	0.440197372016891
0.447402788535517	-0.528858598717433	-0.550590982570993	0.465820670735838
0.419590501200567	-0.497261948993393	-0.580096271224669	0.490063956537087
0.390532756396149	-0.463960186841173	-0.607922197525854	0.512499476061455
0.360518209197135	-0.428740556614863	-0.634067252069319	0.533073049219458
0.329291774740533	-0.392421158639313	-0.657910399153557	0.552020351097689
0.296764578896256	-0.354812054027816	-0.67976078275236	0.569178767401761
0.263641525159441	-0.315709832955987	-0.699411193681437	0.584503575472053
0.22964557571961	-0.275806973748497	-0.716831746201974	0.597783966346651
0.194881578441296	-0.234973777049888	-0.731927576673613	0.609171992944382
0.159714057502731	-0.192847900619505	-0.744783736951706	0.618545303300346
0.124564645008411	-0.14970393002686	-0.755289157826687	0.625788039689075
0.0882092652322568	-0.106928414922518	-0.763158857397188	0.631168755552397
0.0516894066920994	-0.0638211040942233	-0.768568770311135	0.63447389009355
0.0164613804677751	-0.0184006092896153	-0.771573325718188	0.635661107486561
0.0200508208037472	-0.0250539700536942	0.772159746888263	-0.634617671086378
0.0565820593084151	-0.0690302960604688	0.770146965002231	-0.63159080193435
0.0920934344698755	-0.11310850079333	0.765604717056113	-0.626557805471496
0.127904063899144	-0.156447150648024	0.758576164471393	-0.619457054353301
0.1628543198514	-0.199682586167138	0.748999779314803	-0.610413520389021
0.197446301872166	-0.24232054870092	0.737007186331483	-0.59926297804056
0.230994171194664	-0.284362262134985	0.722566190908049	-0.586240476685292
0.263846153465579	-0.325599343353019	0.705587946351739	-0.571415719833325
0.296075532867479	-0.365536839465973	0.686474263363089	-0.554504448648134
0.326662036894883	-0.404711651881997	0.664937445044815	-0.536058379898967
0.356473010326671	-0.442570737805286	0.641039719295454	-0.515874222299129
0.384832774152482	-0.479123472718729	0.6151073164927	-0.493950830574461
0.412118224610164	-0.513872010698951	0.587252514252969	-0.470349455264859
0.437843137924943	-0.547158961542236	0.557123968597915	-0.445559581862819
0.462238693949616	-0.578597089015412	0.525400843390055	-0.41894480801612
0.484659110649198	-0.608668836530312	0.491384650521759	-0.391368009849009
0.505825361817677	-0.636114919461304	0.456257937539189	-0.362390958790698
0.524614591330952	-0.662525061898778	0.4184133372198	-0.332821802403731
0.542500527763036	-0.685683236933875	0.38045779676724	-0.301303071414361
0.558300409047996	-0.706833249601173	0.34099958518569	-0.269084918600567
0.572148067916794	-0.725891236218326	0.299802828432936	-0.236319202825588
0.583892037886971	-0.742863879145807	0.256958128548723	-0.202967646006403
0.593964023791512	-0.756782670536717	0.214863904674255	-0.168286156545462
0.60189624224034	-0.768588944251859	0.170544172188277	-0.133815670544917
0.607839122404547	-0.777714244404458	0.126496359987109	-0.0984419942650746
0.611685393335315	-0.78437568742158	0.0810340367204533	-0.0634763377561529
0.61345194330352	-0.788420264183943	0.0362837421154762	-0.0274534212686468
0.61323171515932	-0.789804198243616	-0.00982861152442584	0.00771947893440597
0.610986747828327	-0.788507874677895	-0.0558276117566254	0.0428229297767443
0.60665898464743	-0.78462457504584	-0.101226368435846	0.0779895820861648
0.600234840140412	-0.778109401529137	-0.146627962985226	0.112978477615804
0.591883105388395	-0.769024308185935	-0.191012114546457	0.147615632882919
0.581675611912881	-0.757054650004787	-0.236022011190815	0.181150074925039
0.569481591938701	-0.742676101598013	-0.279691944407228	0.214231978919687
0.555236641992435	-0.725831081455532	-0.322630105271954	0.246558974191299
0.539333624100888	-0.706444899676647	-0.364373878905495	0.278004535945761
0.521538397828427	-0.6846860389165	-0.405037871547823	0.30845915501959
0.501932021626233	-0.660613034990114	-0.44434898534669	0.337947692533506
0.4808136764742	-0.634175082765498	-0.482471559670791	0.365870697137078
0.458130325465472	-0.605619932794583	-0.518666554863288	0.392843616159196
0.433850607606268	-0.57474794730848	-0.553724072502085	0.418124501645224
0.40830907907754	-0.541759340839963	-0.586774700580603	0.442126637191251
0.381507486387008	-0.506944877045521	-0.617938945581878	0.464338657663913
0.353097274782458	-0.470706452340635	-0.646745577265329	0.485260660422655
0.323823111969244	-0.432303345860508	-0.673711890573468	0.504345811732673
0.293211366262245	-0.392809475815538	-0.698246096484303	0.521708921860248
0.262044131197339	-0.351462968621091	-0.720651477614203	0.537092266566507
0.229978287817523	-0.308965257082224	-0.740486836284712	0.550753758350948
0.197001803595643	-0.265297964828855	-0.757942053965739	0.562433215651359
0.163454395299572	-0.22077101503257	-0.772673820305381	0.572291872206331
0.129394296363986	-0.175732192427542	-0.784865659981134	0.579966557997492
0.0949876651460115	-0.129341741061672	-0.794437913966194	0.58576143466627
0.0604666887265406	-0.0826859585982445	-0.801235183606974	0.589515896609612
0.0256129870077107	-0.0355881585549338	-0.805294821267218	0.591250969307798
0.00895694203113693	-0.0121130278701547	0.806685091497576	-0.590789481034332
0.0435305203112906	-0.0595484715902917	0.805214149347386	-0.588378489599555
0.0783029630873722	-0.106445507004854	0.800945021537854	-0.583973520361963
0.111718547484889	-0.154130231037011	0.793784549029635	-0.577640829365587
0.145447752902319	-0.200690295392827	0.783919222065754	-0.569244244403603
0.178827838694932	-0.246334038741314	0.771474241723896	-0.558719643311055
0.21069810265866	-0.29222865483226	0.755937466162269	-0.546596075802907
0.242471703966477	-0.336040039498253	0.738161471920552	-0.532355338098238
0.273329750926601	-0.379170805480061	0.717730219891939	-0.516123705117167
0.302687063053833	-0.421253528688522	0.694533047390974	-0.498547743460062
0.331137924094138	-0.462121478483344	0.668764546035395	-0.479108960798131
0.358346712768677	-0.501125812661371	0.640913377396096	-0.457919857624774
0.38417519294561	-0.538674484642829	0.610504055856289	-0.435343563755118
0.408655485171839	-0.574400252151973	0.577809512652215	-0.411340749081984
0.431822519683088	-0.6078346596507	0.543482544466557	-0.385607393448341
0.453023729913922	-0.639844526104125	0.506391428408778	-0.3590768772611
0.472916255539544	-0.669182426837638	0.467996705539892	-0.330944373667167
0.49110066186797	-0.696282525245029	0.427749873792408	-0.301729730755567
0.507188363693749	-0.721298084032198	0.385465375673903	-0.271855626871533
0.52194810533751	-0.743124759278816	0.342895398332165	-0.240330009120815
0.534543947053615	-0.762679922421828	0.298628112975565	-0.208334718046776
0.545132185215208	-0.779883478835741	0.252063348563442	-0.176285927948145
0.55381065613046	-0.794088069787856	0.205704764133181	-0.142840626538319
0.560490133204321	-0.805589225420581	0.157586700967131	-0.109741706498332
0.565069911496162	-0.814264090739346	0.108963773134731	-0.076137256309828
0.567809940630323	-0.819863829727378	0.060257225861231	-0.0422402504449929
0.5683821088736	-0.822647028422346	0.011614265100073	-0.00766510185634845
0.567034759596292	-0.822401157714539	-0.0380742004912737	0.0260436644178742
0.56349355481861	-0.819313502844527	-0.0871641683758528	0.060023374495797
0.558058722719979	-0.813195435264545	-0.136111721052113	0.0935801552322073
0.550610210377973	-0.80411889326212	-0.184891669135071	0.126634404530819
0.541119198135806	-0.792147453868708	-0.233145428923201	0.159171711401247
0.52981369668817	-0.777180593044086	-0.280679635813527	0.191067303945091
0.516416677368432	-0.759600240903343	-0.326913829271167	0.222370496214302
0.50121311718131	-0.739071044079364	-0.372295440150056	0.252894262909045
0.484419955368514	-0.715694737936963	-0.416580797169704	0.282097125755585
0.465805169213691	-0.689635964466632	-0.459549028455091	0.310229707304063
0.445581913534966	-0.66119119485646	-0.500601538675826	0.337166222581978
0.423616696470167	-0.630179528042539	-0.540031001386457	0.363027787434138
0.40009913940732	-0.597097093556916	-0.577294928459989	0.387461359474441
0.37508930871504	-0.561472100600828	-0.612878981494195	0.410410093415361
0.349466723484859	-0.523135005187604	-0.64662769838448	0.431364573424977
0.322226356702228	-0.483323183182276	-0.677545066680688	0.451111469884797
0.293422037857593	-0.442079831619171	-0.70600126115798	0.469074780198643
0.26383281461836	-0.398681481777744	-0.732035583599639	0.485354742803645
0.233331635690722	-0.353711173449338	-0.755371894263168	0.499858034766129
0.20243619537607	-0.306841851891052	-0.776313640309632	0.512059368236671
0.170972833077791	-0.258879686077719	-0.794231035441623	0.522442973755971
0.13819489444866	-0.210657423584313	-0.808940572643922	0.531169248891224
0.10525982930065	-0.16088846405211	-0.820910271499966	0.537718882517997
0.0719620818609838	-0.11073858583588	-0.829778904031217	0.542241085501694
0.0389213388218819	-0.0594290955704054	-0.835598730361178	0.544727522531021
0.00532561293720903	-0.00829516684703147	-0.838302234362943	0.545116677341577
0.0280544168516616	-0.0431535441217777	0.837816067162752	-0.543520890977322
0.0612743467088016	-0.0943673433002669	0.834171949916565	-0.539905007317264
0.0939219143504467	-0.145830192240788	0.827365375377107	-0.534208540424861
0.126587154263451	-0.196364087787663	0.817430656641164	-0.52652061591736
0.158210140936064	-0.24665622918286	0.804357999368942	-0.516854394159009
0.189628019846987	-0.295559130145238	0.788286354851189	-0.505262938906196
0.219342156388639	-0.344783960283643	0.768651246480689	-0.492126305378601
0.249321246793663	-0.39115645892237	0.746870543007346	-0.476466087490471
0.278329119609336	-0.436353831721519	0.722053489622931	-0.459093664563984
0.305022291222114	-0.481266661669941	0.693649799849923	-0.44067420776674
0.331189306951464	-0.52351551017237	0.663074659967852	-0.420210838601873
0.356097495750445	-0.563761467150145	0.630054670822784	-0.397993333425788
0.379570880851124	-0.602184713428485	0.59421105835334	-0.374449910473428
0.401257605005843	-0.638362087556869	0.556114143479992	-0.34960440360002
0.42148350946611	-0.672217973478916	0.515641833561087	-0.323400907329884
0.44015172038126	-0.703389941194254	0.473306318999581	-0.295787393354125
0.456639098853886	-0.732326435033875	0.428322974616422	-0.267802455859215
0.471842049239357	-0.757790213864554	0.382875231079392	-0.237751192986743
0.484935727625044	-0.780805994959459	0.334746627766792	-0.207663269517984
0.495987227202084	-0.800843858944258	0.285361131406129	-0.176677131305304
0.505152739828356	-0.817702492102295	0.234663334080956	-0.145315049088565
0.512346403796805	-0.831354381121742	0.183225354753521	-0.113046560680159
0.517399783929802	-0.841849530065433	0.130766375823971	-0.0805418355382314
0.520574550842868	-0.848930247946278	0.0775815202621857	-0.0479653922159007
0.521562842067785	-0.852728353569687	0.024725225857417	-0.0146703782775369
0.520505863548477	-0.853157749485419	-0.029762091778085	0.0175988180745586
0.517316528314119	-0.850248562559207	-0.0830715835324013	0.0505974644468348
0.51214641232095	-0.84392698903691	-0.136398997915952	0.0829976077329815
0.505164318505675	-0.833860950544947	-0.190666556921305	0.114591406906232
0.495890429808626	-0.820899859328759	-0.242689522683814	0.146006500395503
0.484718366318203	-0.80453486171336	-0.294024579964033	0.176978269905239
0.471601220064461	-0.784859543742809	-0.344619895588088	0.206941811614758
0.456503849578947	-0.762007782833006	-0.393861709847103	0.23626537566441
0.439862591447204	-0.735927195490467	-0.441747349502164	0.264180511754178
0.421315344596642	-0.7068988582343	-0.487879378472808	0.291137590660229
0.401094813194055	-0.674813218455121	-0.53238201811642	0.316732470412104
0.379446930732418	-0.639776857736743	-0.574795465180769	0.341050981921869
0.356275732885133	-0.602137864811381	-0.61497388111331	0.363737157114839
0.331504561028205	-0.562223316868094	-0.652480846588672	0.38506936105365
0.305812056165406	-0.519343785695353	-0.687812079535236	0.404568364814798
0.278617136108792	-0.474613952802463	-0.720067308825829	0.422631231728187
0.250280182206012	-0.428203840828619	-0.749281892305344	0.43883703918182
0.221222869017014	-0.379060987759681	-0.775903100455925	0.453152941605171
0.191686776106286	-0.327869521716138	-0.799482083233265	0.465388176885285
0.160528401765923	-0.276697477635695	-0.819269176778715	0.475885652312453
0.129915766773759	-0.222505937683029	-0.83621410639094	0.484106361776194
0.0977546082387265	-0.168638537231977	-0.849337534822625	0.490541366522518
0.0656173852574384	-0.113711017269724	-0.858954368062514	0.49493591190152
0.0332368455102686	-0.0583215631580404	-0.86506111038247	0.497155089157476
0.000793490628430007	-0.00198225435954058	-0.867623290204145	0.497217525169429
0.0312935344760138	-0.0546863799087776	0.866465905683208	-0.495244332467369
0.0629720976072348	-0.111358612726149	0.861604972237434	-0.491193084347066
0.0948963531461541	-0.166976016837327	0.853202625713112	-0.48493192453885
0.12587663622716	-0.222645180530737	0.840910218368358	-0.476921587561573
0.156641886506661	-0.276898455981168	0.825268299793489	-0.466607755853719
0.186480033710076	-0.330373203402794	0.805922199190439	-0.45449769235158
0.215222853264953	-0.383018292470754	0.782938698343017	-0.440435132229733
0.243162365732789	-0.433670726404626	0.756761119113604	-0.424398837826923
0.269974523956055	-0.482611719804273	0.727182410717473	-0.406700658796354
0.295375067772641	-0.529940479799854	0.694175222411579	-0.387346637777641
0.319717470160756	-0.574639131429603	0.658392877180873	-0.366182232203216
0.342441507354987	-0.617440993206797	0.619267633284236	-0.343522972033588
0.363604442121638	-0.657478115724753	0.577430980218611	-0.319511815268567
0.383113061167649	-0.694459884146791	0.533309867315565	-0.294160563463958
0.40098329905288	-0.72868234606975	0.486556597312787	-0.267389435128534
0.416705528541745	-0.760056158159738	0.437055065245978	-0.240112492113675
0.430939715440438	-0.787880399662391	0.385930096931306	-0.211171489000142
0.443051549861938	-0.812228611851252	0.33324015465123	-0.181496571822026
0.453220197970603	-0.833182438367855	0.278406900716075	-0.151288050356113
0.461231138487999	-0.85058573322703	0.221733258673409	-0.120847463017526
0.467179984759632	-0.864019013504993	0.165053209122682	-0.0892829451807762
0.471158222812473	-0.873649908508907	0.106837650133984	-0.0577189999256715
0.472857524498916	-0.879450842412914	0.0479052864970355	-0.026020392572154
0.472503939508521	-0.88123828610361	-0.0110844124623585	0.00602046962160015
0.469939519049934	-0.879090701496626	-0.0702470049322541	0.0377060376509475
0.465267931995407	-0.872937064297179	-0.129381565734146	0.0690437809011146
0.458642390465724	-0.86266194930604	-0.188283856970553	0.100053526133177
0.44977582280837	-0.848495154407686	-0.246498879744402	0.130368648257494
0.438853503502606	-0.830464199876434	-0.303373483997196	0.160316388415177
0.425929827947722	-0.808626298338883	-0.35893115081852	0.18940887062456
0.411148535898839	-0.782893403456298	-0.413228453797981	0.217432852220138
0.39446701445964	-0.753853953516125	-0.465038021475463	0.244621401053941
0.37624024176008	-0.720124081258219	-0.516765780984047	0.269847578599976
0.355873741060798	-0.683924852877243	-0.564729023272883	0.294417741166339
0.334339831721583	-0.643659107041015	-0.611074911593575	0.317028836651259
0.311116422051224	-0.600554010106408	-0.654253729451815	0.338368896876691
0.286330128436005	-0.55490160666165	-0.694053381453801	0.358314342675094
0.260616022791109	-0.505570863269547	-0.731533888375013	0.375946220936403
0.233379090104061	-0.454987274186444	-0.764694194001742	0.392126982354715
0.205310641710207	-0.401348011049792	-0.794747732603439	0.406378340895049
0.176396088688034	-0.345516700949143	-0.821152488847616	0.4185823925109
0.146363393041002	-0.288186003915683	-0.843614486327683	0.428767049553385
0.116775294844903	-0.227804464905804	-0.862489521339214	0.436555244915142
0.0849520980415727	-0.169179014455281	-0.876394861890949	0.442824624605972
0.054159795174185	-0.107291657155215	-0.886701100736109	0.446448625090224
0.0227146594809755	-0.0452188910126601	-0.892549612591765	0.448100976569499
0.00855367455949755	-0.017335494952236	0.894106161140706	-0.447437691613615
0.0396376568141251	-0.0798570073330598	0.891290726829451	-0.444581325304968
0.0705569202844887	-0.142203609390929	0.884005203127469	-0.439698368566137
0.101061557127984	-0.204200111845598	0.872374127568542	-0.43249538441715
0.130992972484701	-0.265176102884571	0.856389602762351	-0.423224909355671
0.160178854657658	-0.324896603981938	0.836141542376219	-0.411888640720138
0.188166262421968	-0.383630218892195	0.811503863740747	-0.39860104361719
0.215264608084538	-0.440648860361758	0.782644143569642	-0.383350850924106
0.241629770492194	-0.495004399868447	0.750071766816665	-0.366030111804064
0.266218623155066	-0.547462791400703	0.713404304201393	-0.347082750167878
0.289543105476398	-0.597214833223002	0.673075853322575	-0.326294542895821
0.311177878517877	-0.644294539451023	0.628967854398151	-0.304059718622007
0.331309586210011	-0.687840408530322	0.581917816693578	-0.280144935868509
0.349717566993311	-0.728217241138331	0.531354228281564	-0.255068534187306
0.366078354004704	-0.764968003147594	0.477980875053474	-0.228790025946728
0.380521019505212	-0.798076269631481	0.421631107814798	-0.201259112809037
0.393034123088123	-0.826823772718337	0.363266043487573	-0.172986729563427
0.40342244487846	-0.851206117819377	0.303556738978097	-0.143358927786638
0.411604526936462	-0.871515942028989	0.241119260828991	-0.113592157528661
0.417587939035572	-0.887302646971885	0.177206862405872	-0.0831387621087584
0.421357641700827	-0.898457220217013	0.111658162919733	-0.0525815164637201
0.42297224233518	-0.90470820058347	0.0461344673718762	-0.0216602154025064
0.422116931456034	-0.90627254541692	-0.0200450995627646	0.00925005865912321
0.419311222652254	-0.902834560987872	-0.0864195065370106	0.0399940362255218
0.413900800896993	-0.894691817198074	-0.152435326285771	0.0705418355005494
0.406518103211264	-0.881613052729625	-0.217741096261264	0.100450346028329
0.396859088324289	-0.863710931322556	-0.282267240416841	0.129736255980347
0.384997354726896	-0.840947275611365	-0.345724243994053	0.158301811770609
0.37122188402526	-0.813704248470931	-0.406861499977938	0.185858625510883
0.355483943854029	-0.781664469478033	-0.466494175104748	0.212167404214105
0.337706325528312	-0.745160547793722	-0.523815484128812	0.237292086460601
0.31806456666423	-0.704958941376011	-0.57764381575545	0.261142575092981
0.29681069894004	-0.659748727761879	-0.629555654747002	0.28336319942325
0.27399544015416	-0.611141017592916	-0.677640882070509	0.303703787162632
0.249764496533165	-0.558666860137302	-0.722159976095348	0.322481014296702
0.224050048645733	-0.50288774578059	-0.762702477194351	0.339397145137023
0.197114989032214	-0.444658678213579	-0.798697996251466	0.354268050735704
0.169453251608305	-0.382757124335818	-0.83077476406799	0.36687309887388
0.140712329640255	-0.319097667935726	-0.857823244005179	0.377512914546808
0.111152530235798	-0.25344802922361	-0.879999339834345	0.386018617939557
0.0809370518219932	-0.185973195149328	-0.89725484015222	0.392169499262409
0.0505403061323472	-0.11690321997615	-0.909396820574114	0.39595042283719
0.0202551341334414	-0.0468003340385199	-0.916199674362486	0.397463979466309
0.0100710183923327	-0.0240743975772503	0.917633953489898	-0.396568941512487
0.0407977294339311	-0.0941622398869353	0.913651940919854	-0.39333083874252
0.0708411639673343	-0.164198236667876	0.904265440080749	-0.387717013346698
0.100103012067636	-0.234054238626309	0.889295291446532	-0.379936685471506
0.128919033516984	-0.302644271696888	0.868915699504431	-0.369826763175452
0.156614082504552	-0.369685589483643	0.843193490312106	-0.357532281038617
0.183472503440566	-0.434430135031978	0.812351506436803	-0.34306461235051
0.208864953398294	-0.497103097279811	0.776214147630355	-0.326734661361828
0.232940956485253	-0.557053945293596	0.735104380655532	-0.308303360937928
0.255869986455534	-0.613114849152669	0.689737314229492	-0.28789437149627
0.276970388596882	-0.665669283185166	0.639941944897363	-0.265793371672847
0.295943524752789	-0.714753015212374	0.585444549533142	-0.242487601381291
0.313149097017254	-0.759253648419349	0.527479925288822	-0.217339524285124
0.328312663466753	-0.79942902284446	0.465388511535468	-0.191148020581227
0.341243945242878	-0.834588784990831	0.400198432652192	-0.163876002835478
0.352021232216133	-0.864342532006585	0.332568867765859	-0.135613375543917
0.360664297607289	-0.888624781646898	0.262620389078862	-0.10629107730431
0.366710423846566	-0.907499055103685	0.189787626096951	-0.0771335660311023
0.370374121207302	-0.920385398797618	0.116270491182511	-0.046849769479111
0.371594081470243	-0.927319303384252	0.0413390984076004	-0.0169654687550862
0.370330901603769	-0.92819392221572	-0.0334909560108966	0.0137630645066226
0.366812674455453	-0.922773504776263	-0.109911553635614	0.0430925877521198
0.360547190196856	-0.911452749278735	-0.184212920698585	0.0729740318269791
0.352134460156713	-0.89381243980634	-0.258287682947678	0.101922113670675
0.341307557184824	-0.869892273405689	-0.33154969656549	0.129889887154239
0.328105149756114	-0.840227868844888	-0.402090206124817	0.157122898580688
0.312893952538284	-0.804594046548991	-0.470289657783165	0.183175960499964
0.295504526611942	-0.762924200314094	-0.536292603854295	0.207398125300429
0.275967712795787	-0.716537703389104	-0.597682948294797	0.230630948560184
0.254828916971854	-0.664466588372521	-0.655848624414574	0.251811353725453
0.231977620429502	-0.607176559296402	-0.709908478886505	0.271206491562971
0.207429527874263	-0.545919056493757	-0.758706719811736	0.288633830372225
0.181664659326256	-0.480409389068611	-0.802411889504983	0.303874859156927
0.154982269021333	-0.410149549232224	-0.841079279199747	0.316770405269237
0.126783221950435	-0.338132193779009	-0.873066419120131	0.327639530531363
0.0981705384779783	-0.262379772246397	-0.899312912864176	0.335791133365108
0.0684246199087949	-0.184960340764776	-0.918943156891702	0.341542410450631
0.0387599136869209	-0.105456478562525	-0.931927495936343	0.344801018760083
0.00898303621518382	-0.0249400536883673	-0.938098888470879	0.34535166748125
0.0206970222228982	-0.0568015439434597	0.937226539895329	-0.343440869426708
0.0502092901834775	-0.137676132966187	0.929323567344221	-0.338942497732814
0.0790785070800302	-0.219023554318018	0.914160337145859	-0.33179233017245
0.107556787779687	-0.297288662664329	0.892306849430963	-0.322241330236142
0.13467102639421	-0.374905032352378	0.863124793124933	-0.31036353339243
0.160840411545173	-0.44944833204647	0.827425564137818	-0.295792992895097
0.185415198428235	-0.52144497405664	0.784704767528104	-0.279203816309077
0.208781048722185	-0.588701998690764	0.736227105167599	-0.260403686702975
0.229876913985866	-0.653127938955124	0.680473003774985	-0.239868695135517
0.249271962748971	-0.711804800337016	0.619628009145821	-0.217390305870437
0.266585789405016	-0.764825730113452	0.553762270997893	-0.19318635216543
0.281682813184801	-0.812074840973	0.482834887884022	-0.167510347313223
0.294372620712737	-0.852772108393502	0.407902209872956	-0.140500101429054
0.304447806105457	-0.887002284919302	0.328354971826459	-0.112789593413386
0.312002128642149	-0.913690380108857	0.24649085758771	-0.0840643690571433
0.316892718977889	-0.932942276060836	0.161784698091145	-0.0549856859626669
0.318951782352084	-0.944479542470159	0.0746802527604581	-0.0255149806471115
0.31847870409366	-0.947837268247947	-0.0125910548680203	0.00415852093924337
0.315138784129198	-0.943092348044255	-0.100712808254256	0.03348581866232
0.309022602066145	-0.9301500344084	-0.188231945859904	0.062407367033981
0.300268715903493	-0.908843366944454	-0.274992513512422	0.0906727639528874
0.288929190710509	-0.879581000914395	-0.359083046742831	0.11796843275931
0.275004100869542	-0.842134997430362	-0.440933181542824	0.144080949547195
0.258800542855184	-0.796773614337552	-0.519399761169819	0.168516986117338
0.240264373803988	-0.744210048640747	-0.593076314357583	0.191533076858121
0.219550625897793	-0.684363167278826	-0.661980023232068	0.212666468399821
0.197078807452149	-0.617937652659063	-0.725055301450638	0.231533606454377
0.17286716768141	-0.544916396127417	-0.782056586139025	0.248134156548204
0.146859512733592	-0.46659869165419	-0.831772807654512	0.262434641220972
0.120066188814758	-0.382874135886583	-0.874061902782884	0.273874599910554
0.091962805628215	-0.295341147809784	-0.907933071743716	0.282796722090985
0.0632494229788193	-0.204274744554184	-0.933186482776995	0.288850008815077
0.0341901225647897	-0.11072486647287	-0.949399899791735	0.291909009348827
0.00474343492834573	-0.0155247427881454	-0.956239777282568	0.292133480671126
0.0244508400016541	-0.0807999665119547	0.95345278821133	-0.289484546197067
0.053227817910923	-0.17666778382249	0.940933678309295	-0.283899817863681
0.0812115159303266	-0.271084477035339	0.918753252840307	-0.275336805360506
0.108161046144767	-0.363519278405545	0.886807493158947	-0.264059448612478
0.133782090688292	-0.45309279158	0.845152976959983	-0.250051434638939
0.158043301299071	-0.53771470692381	0.794631868856581	-0.233335384950139
0.180152276299094	-0.617929971900594	0.734658324740429	-0.214440791503792
0.200371396748429	-0.691105780175522	0.667044301111778	-0.193069946722339
0.217958811234438	-0.757954596796303	0.590817738686968	-0.170097576271509
0.23316728221101	-0.816825247786779	0.507312032432473	-0.145134540456886
0.245619072514091	-0.866269782095938	0.418550710282698	-0.118588527128986
0.255236763270633	-0.906409879090837	0.324002924790229	-0.09109023267641
0.261822538569561	-0.936425808799368	0.224992743910511	-0.0627210339444381
0.265136123209888	-0.955829924426389	0.122307434718882	-0.0336583296193058
0.265286948968171	-0.963997059966544	0.0176834736982592	-0.00444947648406718
0.262406281152812	-0.96057054083572	-0.0886368782289909	0.0243039813187542
0.256203875689217	-0.945446599855693	-0.194197904049104	0.0527017548670753
0.246900174566537	-0.91865733262933	-0.2977318380688	0.0804037412410172
0.234793737300919	-0.879848905518115	-0.399245694813073	0.106492626768565
0.219438724092495	-0.829916122086173	-0.495798792301291	0.131413219360487
0.201666486532573	-0.768420640118311	-0.587428974793008	0.154232122540697
0.181392057089712	-0.696428563025531	-0.671996693261768	0.174655725563764
0.158669344593214	-0.615072907309387	-0.747835434229075	0.193006531215263
0.13418970219713	-0.524493204345195	-0.814541614362714	0.208379367719885
0.108047994130329	-0.425208532302609	-0.871135625375777	0.220558512015807
0.080646954076265	-0.320932443823183	-0.915179646570569	0.230097044315803
0.0522008680065591	-0.210413839499229	-0.947224524119348	0.236149923636297
0.0236510015340753	-0.0948110633847291	-0.966216336977719	0.238490005123171
0.00540394998559069	-0.0219834039355965	0.971121996583879	-0.237507042057489
0.033981461431871	-0.139694138416157	0.961788074247138	-0.233011819887112
0.0616592256494038	-0.256919613457671	0.937832393673296	-0.225079660320724
0.0881207859605386	-0.371248016621731	0.89930788700519	-0.213670216938131
0.11330505558366	-0.480536370124239	0.846518995269561	-0.199128983362084
0.135972155470784	-0.583571921049423	0.779728495043611	-0.181600825758971
0.156280483920063	-0.678875234071718	0.69902828600766	-0.161444362772364
0.17389040960232	-0.763461651537077	0.606392800596888	-0.138478169632902
0.188468681631782	-0.8356214529715	0.503267916932606	-0.113744218156763
0.199736852932665	-0.894684148459919	0.38993797503091	-0.0871426399869685
0.207203513052813	-0.938723540571614	0.269020879681895	-0.0590980951507402
0.210845710684932	-0.966819585469595	0.140925036790445	-0.0307263639856402
0.210873530122201	-0.977465757007522	0.00944332437498753	-0.00196768805003067
0.206901721004154	-0.970146042498872	-0.12375033885176	0.0263474420650379
0.19891058584323	-0.944392480861735	-0.256212937186615	0.0539662093307313
0.187124537183772	-0.89988851427241	-0.38569595462691	0.0801479884263506
0.171875581174728	-0.836998724380486	-0.508892718861194	0.1044993812008
0.153314294971127	-0.756172230842371	-0.623486063517685	0.12634640026372
0.131835041420719	-0.658828252954348	-0.726269380872913	0.145250271494392
0.107729751257888	-0.545916307525958	-0.815174213188048	0.160812586647886
0.081647939018952	-0.419744384056995	-0.887325091853008	0.172633853790683
0.054209423967949	-0.282259166968394	-0.940670952078085	0.180358700737947
0.025702305337915	-0.136030210992834	-0.973152773323582	0.183871838436947
0.00286368646076227	-0.0153243037852303	0.982997623172675	-0.182955289210847
0.0310832951234892	-0.168506590130609	0.969080798822089	-0.177543693780326
0.057780412458303	-0.321032423287649	0.930300386758583	-0.167752190838273
0.0826207026193886	-0.46669218157127	0.867031179734056	-0.153717795091845
0.104888295621035	-0.602382379532936	0.779536246557351	-0.135857110867367
0.124003604189435	-0.724173524232841	0.668652595050635	-0.114453134864313
0.139040979085527	-0.827070177941366	0.537098352983549	-0.0902656419538198
0.149660213310928	-0.907528198088549	0.387199820386648	-0.0638019538762392
0.155459996251763	-0.961808827320397	0.222431271192948	-0.0357812639443254
0.156208952189946	-0.986579806238919	0.0469270774926264	-0.00754311442953217
0.15187257426069	-0.979082888961216	-0.133808109079454	0.0206593241750913
0.142041900564379	-0.937847881308136	-0.313049366218732	0.0475977343993417
0.127622340345248	-0.861617475237959	-0.48592933112752	0.0721148373036206
0.108652464515284	-0.751041793181777	-0.644549966421174	0.0931998263706486
0.0855674306045562	-0.608963669738132	-0.78079408601355	0.110462930456633
0.0598865206817208	-0.436569821788905	-0.889352497487847	0.121952985022794
0.0321998765571014	-0.240760078389286	-0.961542906025407	0.128191234005716
0.00393701151938801	-0.0276019878292413	-0.991342351907668	0.128308111677883
0.024048064133943	-0.191626383760975	0.97354260452415	-0.122130327251
0.0497240178812582	-0.409475902109356	0.904352592286791	-0.109560013059665
0.071506115967931	-0.612002824867577	0.782290430017468	-0.0914390553121183
0.0884000391526285	-0.785424769350528	0.608779349039603	-0.0684183378298572
0.0985998436953973	-0.915103846381364	0.388714069736054	-0.0420046801024535
0.101601391128351	-0.985905712268862	0.132214868925332	-0.0136496253234167
0.0964274423038424	-0.984326791907297	-0.146942604010134	0.0145046968582345
0.0831799964377872	-0.898547525311912	-0.429091174925653	0.0396761458482516
0.0627165159378757	-0.722173472651421	-0.686277561389989	0.0596256887575413
0.0368813742742124	-0.455216796904386	-0.886731778596019	0.0715834120149177
0.00825029855955815	-0.110324065650164	-0.991121127181474	0.0737525888807981
0.0188476364521238	-0.282668601641732	0.956864824480897	-0.0644432767417873
0.0396224012175709	-0.667069303857924	0.742640170555767	-0.0439793843654022
0.0473790670317241	-0.946403139771421	0.319097423491854	-0.0159108566350089
0.0368402583347031	-0.952505826320924	-0.302054443382293	0.0117711266894802
0.00748938795210215	-0.338895129103595	-0.940558556629015	0.0210618634005665
