1713 78.634583 -8.201667 0.120000 NaN 283508.470000
2061 88.792917 7.406944 0.500000 NaN 319690.770000
1790 81.282917 6.349722 1.640000 NaN 292812.500000
1903 84.053333 -1.201944 1.700000 NaN 302596.730000
2294 95.675000 -17.955833 1.980000 NaN 343431.910000
1948 85.189583 -1.942778 2.050000 NaN 306692.480000
2004 86.939167 -9.669722 2.060000 NaN 313137.700000
1852 83.001667 -0.299167 2.230000 NaN 298806.350000
1865 83.182500 -17.822222 2.580000 NaN 300639.990000
1899 83.858333 -5.910000 2.770000 NaN 302007.970000
1666 76.962500 -5.086389 2.790000 NaN 277253.060000
1829 82.061250 -20.759444 2.840000 NaN 297286.790000
1910 84.411250 21.142500 3.000000 NaN 305238.700000
