0.195050 0.970363 -0.142658
0.020890 0.991435 0.128916
0.150626 0.982385 0.110597
0.103580 0.994400 -0.020976
0.083811 0.995905 -0.033901
0.052638 0.984386 -0.167968
0.121839 0.992536 -0.005221
0.106418 0.988976 -0.102966
0.224700 0.970386 -0.088658
0.154245 0.987147 -0.041822
0.106644 0.979217 0.172517
0.182612 0.975936 -0.119174
0.294267 0.950720 0.097670
0.282706 0.958261 0.042583
0.092507 0.994678 -0.045363
-0.064384 0.991922 -0.109296
0.318851 0.946103 -0.056775
0.099281 0.981876 0.161441
-0.010252 0.985804 0.167586
0.155212 0.978495 -0.135855
0.126445 0.986546 0.103627
0.083804 0.995905 -0.033901
0.217509 0.964119 -0.152195
0.170854 0.958564 -0.227954
0.287329 0.953107 -0.095025
0.108147 0.980369 0.164866
-0.103191 0.991433 0.080073
0.202220 0.957499 -0.205678
0.202143 0.978083 0.049915
0.264814 0.963836 0.029913
-0.000247 0.998561 -0.053629
0.090463 0.993303 0.071870
0.143987 0.988105 0.054001
0.106808 0.990696 -0.084345
-0.124462 0.984641 -0.122437
0.121182 0.984461 -0.127089
0.131656 0.991112 -0.019062
0.166069 0.986091 -0.006676
0.108076 0.988629 -0.104562
0.032963 0.998932 0.032370
0.091273 0.987879 -0.125559
0.250773 0.959957 -0.124881
-0.087012 0.994882 -0.051368
0.076360 0.996748 0.025736
0.044481 0.974707 0.219014
0.153136 0.987680 0.032220
0.083473 0.996315 -0.019702
-0.007891 0.982910 -0.183918
0.161151 0.984991 0.061823
0.003994 0.986109 -0.166052
-0.051403 0.992141 -0.114075
-0.121276 0.989141 -0.083021
0.154340 0.987895 -0.015557
0.106733 0.989797 -0.094388
-0.146187 0.989028 -0.021296
0.229453 0.969930 -0.081156
0.221190 0.972131 -0.077695
0.107198 0.989791 -0.093930
-0.118532 0.992936 0.005221
-0.018308 0.992983 -0.116830
0.005119 0.999940 0.009652
0.105630 0.990796 -0.084649
0.051990 0.992301 0.112408
-0.085110 0.987030 -0.136114
0.052009 0.969323 0.240223
0.169715 0.962134 -0.213296
0.286334 0.957130 0.043760
0.278098 0.950968 0.135355
0.222979 0.963557 0.147781
0.176960 0.983175 0.045290
0.115246 0.993132 -0.020177
0.118842 0.992524 -0.027781
0.037337 0.990700 -0.130839
0.111755 0.991562 0.065698
-0.081026 0.983267 -0.163159
-0.028913 0.996903 -0.073132
-0.073467 0.982238 0.172660
-0.124497 0.984633 -0.122466
0.216088 0.961334 0.170716
0.124946 0.990500 0.057429
0.195430 0.976591 0.089870
0.272830 0.957831 -0.090135
-0.118663 0.992923 -0.004819
-0.118857 0.991614 0.050733
0.186796 0.962515 0.196654
0.106180 0.978327 0.177772
-0.124497 0.984633 -0.122466
0.149545 0.972361 -0.179303
0.106629 0.979216 0.172531
-0.021641 0.997132 0.072518
-0.067889 0.997653 -0.008940
0.022523 0.978701 -0.204050
0.108204 0.988601 -0.104688
-0.021587 0.995295 0.094456
0.206070 0.956751 -0.205336
0.167065 0.985919 -0.007267
0.157705 0.987482 -0.002788
0.004737 0.975105 0.221695
-0.074978 0.993215 0.088899
0.101376 0.989222 -0.105657
-0.039070 0.998284 0.043610
0.305004 0.947205 -0.098866
0.220968 0.963574 -0.150657
0.130837 0.990912 0.031222
0.132909 0.989303 -0.060115
0.056477 0.984603 0.165430
0.164428 0.975438 0.146577
0.042788 0.984266 0.171432
-0.153240 0.988067 0.015533
-0.060506 0.996033 -0.065253
-0.063510 0.994798 -0.079648
-0.140051 0.986519 0.084649
0.246508 0.966357 -0.073407
0.019548 0.996564 -0.080484
0.013574 0.979757 0.199729
-0.023399 0.983785 -0.177820
-0.110037 0.993790 -0.016512
-0.116024 0.992898 -0.026303
0.094938 0.986794 0.131242
0.208923 0.977765 0.018097
0.210614 0.976603 -0.043460
0.157698 0.976581 -0.146356
0.006949 0.999462 0.032055
0.203340 0.973405 -0.105522
0.251043 0.967894 0.012605
0.112877 0.993277 -0.025663
0.082401 0.996582 0.005895
0.098023 0.976603 0.191409
0.058496 0.998080 0.020385
0.092497 0.989110 -0.114484
0.049674 0.996210 -0.071406
0.042541 0.996113 0.077125
0.033920 0.986992 -0.157148
0.041414 0.998517 0.035326
-0.108975 0.986361 0.123356
0.280469 0.959828 0.008159
0.015205 0.986140 0.165215
-0.067310 0.994046 -0.085683
0.089069 0.994083 -0.062176
0.022968 0.999593 0.016900
0.074034 0.990210 -0.118337
0.305331 0.950187 0.062587
0.053831 0.981675 -0.182803
0.237739 0.969880 -0.053028
0.097678 0.989826 -0.103458
-0.067930 0.992078 0.105676
-0.014577 0.979182 0.202460
0.201273 0.978933 0.034342
0.065106 0.995427 0.069897
0.216202 0.976299 -0.009866
-0.066455 0.985353 -0.157043
0.157034 0.987477 -0.015135
0.097456 0.974092 -0.204078
0.097588 0.982987 0.155606
0.024774 0.982665 0.183727
0.004233 0.986614 -0.163020
0.193719 0.980749 -0.024592
-0.047739 0.991912 -0.117610
-0.115323 0.990089 -0.080151
0.148738 0.988835 0.009090
-0.127138 0.990810 0.046167
0.235962 0.971545 0.020550
0.223401 0.960734 0.164565
-0.041682 0.994163 -0.099513
-0.050983 0.995382 -0.081339
0.095984 0.991839 -0.083915
0.128751 0.988963 0.073311
0.254089 0.961972 -0.100246
0.123837 0.985403 -0.116815
0.112903 0.993442 -0.018073
0.084351 0.995217 -0.049286
0.009146 0.999730 0.021369
0.007875 0.999818 -0.017351
-0.001255 0.974761 -0.223245
-0.082446 0.985349 -0.149300
0.270190 0.962627 -0.018625
0.146953 0.984458 -0.096164
0.250281 0.967766 0.028077
0.106921 0.991269 -0.077159
-0.080382 0.984282 0.157248
0.212156 0.976444 -0.039328
-0.103439 0.982571 0.154447
-0.115448 0.984674 -0.130723
0.019174 0.996325 -0.083475
0.073405 0.996905 -0.028149
0.024996 0.998103 0.056262
-0.093297 0.994851 0.039584
0.255856 0.966043 -0.036043
0.200270 0.979692 0.009779
0.153704 0.987264 0.041052
0.315223 0.947617 -0.051542
0.127949 0.983303 -0.129397
0.175371 0.984194 -0.024645
0.060677 0.995379 -0.074428
0.266283 0.963122 -0.038606
0.157826 0.983100 0.092762
0.140070 0.968429 -0.206218
0.132790 0.962520 0.236480
-0.112013 0.991389 -0.067827
0.199239 0.969648 -0.141727
-0.069307 0.997387 0.020404
0.106309 0.991416 -0.076105
0.171004 0.980821 -0.093529
0.134864 0.989183 -0.057695
0.106107 0.992734 -0.056741
-0.101308 0.992686 0.065655
-0.112045 0.984166 -0.137344
0.139022 0.990030 0.022658
0.187766 0.981626 0.033979
0.143977 0.982327 0.119603
0.079785 0.995531 -0.050525
-0.056619 0.981215 0.184423
0.116965 0.992683 -0.029986
-0.123013 0.991844 0.033368
0.274526 0.956965 0.094094
0.087993 0.981748 -0.168604
-0.112147 0.992900 0.039647
0.082443 0.980080 -0.180681
0.102941 0.989807 -0.098418
-0.037892 0.987846 0.150743
0.106961 0.991172 -0.078343
0.167554 0.983377 0.069964
0.149874 0.988660 -0.009497
0.023595 0.997207 -0.070869
-0.073433 0.989712 0.122788
0.113342 0.993252 0.024568
0.023335 0.978723 0.203855
-0.009966 0.999513 0.029569
0.284202 0.958373 0.027389
-0.055507 0.997502 -0.043697
0.001621 0.999681 -0.025208
-0.071282 0.997278 0.018853
-0.068621 0.994843 0.074693
0.092341 0.994698 -0.045261
0.255926 0.964637 0.063071
-0.029382 0.980604 -0.193783
-0.110159 0.993569 0.026196
0.209226 0.977826 0.008983
-0.101490 0.991475 -0.081716
0.107141 0.989800 -0.093896
-0.117431 0.992973 0.014675
-0.103219 0.991426 0.080122
0.107242 0.989790 -0.093886
0.121832 0.992538 -0.004964
0.256018 0.964613 0.063057
0.107228 0.989795 -0.093852
