0.109735 0.142658 0.983670
-0.065599 -0.128916 0.989483
0.064432 -0.110597 0.991775
0.016518 0.020976 0.999644
-0.003307 0.033901 0.999420
-0.033358 0.167968 0.985228
0.034870 0.005221 0.999378
0.019819 0.102966 0.994487
0.139271 0.088658 0.986278
0.067622 0.041822 0.996834
0.020893 -0.172517 0.984785
0.096859 0.119174 0.988138
0.210286 -0.097670 0.972749
0.198112 -0.042583 0.979254
0.005463 0.045363 0.998956
-0.150590 0.109296 0.982536
0.235179 0.056775 0.970292
0.013327 -0.161441 0.986792
-0.096131 -0.167586 0.981159
0.069340 0.135855 0.988299
0.039981 -0.103627 0.993812
-0.003314 0.033901 0.999420
0.132653 0.152195 0.979408
0.086660 0.227954 0.969808
0.203167 0.095025 0.974522
0.022291 -0.164866 0.986064
-0.189207 -0.080073 0.978667
0.117999 0.205678 0.971480
0.116129 -0.049915 0.991979
0.179802 -0.029913 0.983248
-0.087276 0.053629 0.994740
0.003547 -0.071870 0.997408
0.057321 -0.054001 0.996894
0.020056 0.084345 0.996235
-0.209805 0.122437 0.970047
0.034919 0.127089 0.991277
0.044774 0.019062 0.998815
0.079494 0.006676 0.996813
0.021500 0.104562 0.994286
-0.054225 -0.032370 0.998004
0.004827 0.125559 0.992074
0.166153 0.124881 0.978160
-0.173390 0.051368 0.983513
-0.010803 -0.025736 0.999610
-0.040639 -0.219014 0.974875
0.066472 -0.032220 0.997268
-0.003679 0.019702 0.999799
-0.093528 0.183918 0.978482
0.074691 -0.061823 0.995289
-0.081966 0.166052 0.982705
-0.137678 0.114075 0.983886
-0.207024 0.083021 0.974807
0.067652 0.015557 0.997588
0.020060 0.094388 0.995333
-0.231830 0.021296 0.972523
0.144045 0.081156 0.986238
0.135621 0.077695 0.987710
0.020524 0.093930 0.995367
-0.204621 -0.005221 0.978827
-0.104782 0.116830 0.987609
-0.082051 -0.009652 0.996581
0.018875 0.084649 0.996232
-0.034693 -0.112408 0.993056
-0.170812 0.136114 0.975857
-0.032671 -0.240223 0.970168
0.085214 0.213296 0.973264
0.201825 -0.043760 0.978444
0.194157 -0.135355 0.971587
0.138151 -0.147781 0.979324
0.090597 -0.045290 0.994857
0.028250 0.020177 0.999397
0.031885 0.027781 0.999105
-0.049150 0.130839 0.990185
0.024909 -0.065698 0.997529
-0.166415 0.163159 0.972463
-0.115688 0.073132 0.990590
-0.158795 -0.172660 0.972097
-0.209840 0.122466 0.970036
0.131480 -0.170716 0.976509
0.038143 -0.057429 0.997621
0.109571 -0.089870 0.989908
0.188312 0.090135 0.977964
-0.204750 0.004819 0.978802
-0.204830 -0.050733 0.977482
0.102197 -0.196654 0.975132
0.020509 -0.177772 0.983858
-0.209840 0.122466 0.970036
0.064229 0.179303 0.981695
0.020879 -0.172531 0.984783
-0.108465 -0.072518 0.991452
-0.154582 0.008940 0.987940
-0.062862 0.204050 0.976940
0.021630 0.104688 0.994270
-0.108251 -0.094456 0.989626
0.121900 0.205336 0.971070
0.080501 0.007267 0.996728
0.071040 0.002788 0.997470
-0.080267 -0.221695 0.971807
-0.161257 -0.088899 0.982900
0.014773 0.105657 0.994293
-0.125928 -0.043610 0.991080
0.221289 0.098866 0.970184
0.136146 0.150657 0.979166
0.043976 -0.031222 0.998545
0.046180 0.060115 0.997123
-0.029551 -0.165430 0.985779
0.078788 -0.146577 0.986057
-0.043160 -0.171432 0.984250
-0.238773 -0.015533 0.970951
-0.147085 0.065253 0.986969
-0.149970 0.079648 0.985477
-0.225499 -0.084649 0.970559
0.161347 0.073407 0.984164
-0.067382 0.080484 0.994476
-0.071869 -0.199729 0.977212
-0.109052 0.177820 0.978002
-0.196233 0.016512 0.980418
-0.202119 0.026303 0.979008
0.008572 -0.131242 0.991313
0.122910 -0.018097 0.992253
0.124696 0.043460 0.991243
0.071983 0.146356 0.986609
-0.080187 -0.032055 0.996264
0.117729 0.105522 0.987423
0.165730 -0.012605 0.986091
0.025878 0.025663 0.999336
-0.004770 -0.005895 0.999971
0.012534 -0.191409 0.981430
-0.028715 -0.020385 0.999380
0.005938 0.114484 0.993407
-0.037340 0.071406 0.996748
-0.044438 -0.077125 0.996031
-0.052231 0.157148 0.986193
-0.045770 -0.035326 0.998327
-0.194527 -0.123356 0.973110
0.195747 -0.008159 0.980620
-0.070801 -0.165215 0.983713
-0.153690 0.085683 0.984397
0.002090 0.062176 0.998063
-0.064240 -0.016900 0.997791
-0.012550 0.118337 0.992894
0.221355 -0.062587 0.973183
-0.031932 0.182803 0.982631
0.152304 0.053028 0.986910
0.011038 0.103458 0.994573
-0.154137 -0.105676 0.982382
-0.099863 -0.202460 0.974186
0.115187 -0.034342 0.992750
-0.021899 -0.069897 0.997314
0.130289 0.009866 0.991427
-0.152081 0.157043 0.975812
0.070372 0.015135 0.997406
0.012188 0.204078 0.978879
0.011544 -0.155606 0.987752
-0.060965 -0.183727 0.981085
-0.081772 0.163020 0.983228
0.107504 0.024592 0.993900
-0.134008 0.117610 0.983977
-0.201177 0.080151 0.976270
0.061990 -0.009090 0.998035
-0.213009 -0.046167 0.975959
0.150388 -0.020550 0.988413
0.138817 -0.164565 0.976549
-0.128171 0.099513 0.986747
-0.137542 0.081339 0.987151
0.009174 0.083915 0.996431
0.042067 -0.073311 0.996422
0.169281 0.100246 0.980456
0.037483 0.116815 0.992446
0.025889 0.018073 0.999501
-0.002709 0.049286 0.998781
-0.078021 -0.021369 0.996723
-0.079295 0.017351 0.996700
-0.086206 0.223245 0.970943
-0.168011 0.149300 0.974413
0.185263 0.018625 0.982512
0.060592 0.096164 0.993520
0.164983 -0.028077 0.985897
0.020119 0.077159 0.996816
-0.165862 -0.157248 0.973531
0.126246 0.039328 0.991219
-0.188682 -0.154447 0.969817
-0.200828 0.130723 0.970865
-0.067735 0.083475 0.994205
-0.013760 0.028149 0.999509
-0.062090 -0.056262 0.996484
-0.179649 -0.039584 0.982934
0.170686 0.036043 0.984666
0.114123 -0.009779 0.993419
0.067074 -0.041052 0.996903
0.231433 0.051542 0.971485
0.041761 0.129397 0.990713
0.088925 0.024645 0.995733
-0.026307 0.074428 0.996879
0.181328 0.038606 0.982665
0.071543 -0.092762 0.993115
0.055133 0.206218 0.976952
0.048396 -0.236480 0.970430
-0.197992 0.067827 0.977854
0.113970 0.141727 0.983323
-0.155971 -0.020404 0.987551
0.019497 0.076105 0.996909
0.084869 0.093529 0.991993
0.048138 0.057695 0.997173
0.019181 0.056741 0.998205
-0.187440 -0.065655 0.980079
-0.197394 0.137344 0.970656
0.052206 -0.022658 0.998379
0.101497 -0.033979 0.994255
0.057814 -0.119603 0.991137
-0.007285 0.050525 0.998696
-0.141922 -0.184423 0.972546
0.030002 0.029986 0.999100
-0.208990 -0.033368 0.977348
0.190076 -0.094094 0.977250
0.002093 0.168604 0.985682
-0.198257 -0.039647 0.979348
-0.003290 0.180681 0.983536
0.016282 0.098418 0.995012
-0.123844 -0.150743 0.980785
0.020168 0.078343 0.996722
0.081210 -0.069964 0.994238
0.063136 0.009497 0.997960
-0.063407 0.070869 0.995468
-0.159412 -0.122788 0.979546
0.026343 -0.024568 0.999351
-0.062055 -0.203855 0.977032
-0.097041 -0.029569 0.994841
0.199592 -0.027389 0.979496
-0.142234 0.043697 0.988868
-0.085513 0.025208 0.996018
-0.157929 -0.018853 0.987270
-0.155066 -0.074693 0.985076
0.005296 0.045261 0.998961
0.170879 -0.063071 0.983271
-0.114736 0.193783 0.974312
-0.196335 -0.026196 0.980187
0.123207 -0.008983 0.992340
-0.187516 0.081716 0.978857
0.020466 0.093896 0.995372
-0.203527 -0.014675 0.978959
-0.189235 -0.080122 0.978658
0.020568 0.093886 0.995370
0.034863 0.004964 0.999380
0.170972 -0.063057 0.983256
0.020553 0.093852 0.995374
