0.103998 0.135199 0.932240
-0.061804 -0.121458 0.932240
0.060564 -0.103958 0.932240
0.015404 0.019562 0.932240
-0.175727 0.307429 0.932240
-0.003085 0.031623 0.932240
-0.031564 0.158935 0.932240
0.032527 0.004871 0.932240
0.029582 0.299859 0.932240
0.018578 0.096521 0.932240
0.131640 0.083800 0.932240
0.047857 0.353835 0.932240
0.009580 -0.360535 0.932240
0.207356 -0.116609 0.932240
0.110620 0.272840 0.932240
0.063240 0.039112 0.932240
-0.273004 -0.222399 0.932240
0.019779 -0.163312 0.932240
-0.028299 0.246804 0.932240
0.091380 0.112433 0.932240
0.201529 -0.093602 0.932240
-0.066844 0.235940 0.932240
0.188601 -0.040538 0.932240
0.005098 0.042333 0.932240
-0.046090 0.356034 0.932240
0.257745 0.246610 0.932240
0.265915 0.056788 0.932240
-0.142882 0.103701 0.932240
0.225956 0.054549 0.932240
0.179641 -0.228182 0.932240
0.012590 -0.152516 0.932240
-0.091339 -0.159231 0.932240
0.065407 0.128149 0.932240
0.037504 -0.097207 0.932240
-0.003091 0.031623 0.932240
0.268835 -0.173887 0.932240
0.257840 -0.214624 0.932240
0.126265 0.144866 0.932240
0.083303 0.219124 0.932240
0.204064 -0.149446 0.932240
0.109382 0.215690 0.932240
0.031686 -0.313814 0.932240
0.194352 0.090902 0.932240
0.021074 -0.155867 0.932240
-0.058577 -0.345084 0.932240
-0.112697 -0.247547 0.932240
-0.180231 -0.076275 0.932240
0.113233 0.197370 0.932240
0.109135 -0.046909 0.932240
0.170475 -0.028362 0.932240
-0.284392 -0.041058 0.932240
-0.130769 -0.238358 0.932240
-0.267264 -0.227959 0.932240
-0.219099 -0.123238 0.932240
-0.081793 0.050259 0.932240
0.003315 -0.067174 0.932240
0.053603 -0.050499 0.932240
0.018768 0.078927 0.932240
-0.201628 0.117665 0.932240
0.032840 0.119520 0.932240
-0.097653 -0.343729 0.932240
0.185871 -0.170196 0.932240
-0.254063 -0.168559 0.932240
-0.106854 0.250293 0.932240
0.145284 -0.259955 0.932240
0.041789 0.017791 0.932240
0.074344 0.006243 0.932240
0.195888 -0.241939 0.932240
-0.282037 -0.137528 0.932240
0.020158 0.098037 0.932240
-0.050652 -0.030237 0.932240
0.164673 0.210522 0.932240
0.004535 0.117987 0.932240
0.158353 0.119019 0.932240
0.123973 -0.262529 0.932240
-0.246649 0.243040 0.932240
-0.005268 -0.276746 0.932240
-0.164351 0.048690 0.932240
0.285556 0.000747 0.932240
-0.010075 -0.024001 0.932240
-0.038862 -0.209436 0.932240
-0.102035 0.277514 0.932240
0.062137 -0.030119 0.932240
-0.003430 0.018370 0.932240
-0.089108 0.175226 0.932240
-0.131246 -0.272275 0.932240
0.063458 -0.292524 0.932240
-0.352791 0.073883 0.932240
0.133300 -0.317748 0.932240
0.069959 -0.057907 0.932240
0.254624 0.207582 0.932240
-0.146603 0.230369 0.932240
0.205848 0.277676 0.932240
-0.077757 0.157525 0.932240
-0.149502 -0.205379 0.932240
-0.130451 0.108087 0.932240
-0.197984 0.079396 0.932240
-0.283318 0.154291 0.932240
0.063220 0.014538 0.932240
0.018788 0.088405 0.932240
-0.222227 0.020414 0.932240
0.275287 0.140616 0.932240
0.321610 -0.164333 0.932240
0.136158 0.076712 0.932240
0.128005 0.073332 0.932240
0.019222 0.087973 0.932240
-0.095742 -0.335372 0.932240
-0.154728 0.285595 0.932240
-0.212584 0.210082 0.932240
0.322453 0.064577 0.932240
0.115731 -0.270176 0.932240
0.186358 -0.192143 0.932240
-0.258270 0.156109 0.932240
-0.142854 -0.327625 0.932240
-0.194883 -0.004973 0.932240
-0.098908 0.110280 0.932240
-0.076753 -0.009029 0.932240
-0.181934 0.193767 0.932240
0.260279 0.041808 0.932240
-0.214389 -0.195390 0.932240
0.067219 0.231776 0.932240
0.275280 0.153438 0.932240
0.017663 0.079212 0.932240
-0.032568 -0.105524 0.932240
-0.163177 0.130031 0.932240
-0.031394 -0.230832 0.932240
0.081622 0.204305 0.932240
-0.145228 -0.273091 0.932240
0.261917 -0.016874 0.932240
-0.113199 0.326397 0.932240
0.192294 -0.041693 0.932240
0.186294 -0.129874 0.932240
-0.146610 -0.210096 0.932240
0.131509 -0.140676 0.932240
0.084895 -0.042440 0.932240
0.026352 0.018821 0.932240
0.029752 0.025922 0.932240
-0.046274 0.123182 0.932240
0.023279 -0.061398 0.932240
-0.159532 0.156410 0.932240
0.223689 -0.198635 0.932240
0.165050 0.171426 0.932240
-0.108874 0.068824 0.932240
0.253706 -0.133563 0.932240
-0.152284 -0.165581 0.932240
0.230577 -0.189212 0.932240
-0.064460 -0.343354 0.932240
-0.201664 0.117694 0.932240
0.052250 -0.302698 0.932240
0.125519 -0.162977 0.932240
-0.214518 0.137134 0.932240
0.252724 0.247265 0.932240
-0.313779 0.019349 0.932240
0.249546 -0.208615 0.932240
0.035643 -0.053665 0.932240
0.031591 -0.286212 0.932240
0.175426 -0.292800 0.932240
-0.030261 -0.298196 0.932240
-0.039106 0.241021 0.932240
0.103188 -0.084634 0.932240
0.091120 0.225219 0.932240
0.049836 -0.265480 0.932240
0.179507 0.085921 0.932240
-0.042666 -0.237970 0.932240
-0.234977 0.087682 0.932240
-0.222098 -0.241699 0.932240
0.011946 -0.285755 0.932240
0.300499 -0.023610 0.932240
0.036112 0.355576 0.932240
-0.195010 0.004590 0.932240
-0.195350 -0.048385 0.932240
0.097701 -0.188004 0.932240
-0.120960 0.244589 0.932240
-0.050373 -0.235746 0.932240
0.019433 -0.168445 0.932240
-0.201664 0.117694 0.932240
-0.216875 0.098385 0.932240
0.060993 0.170270 0.932240
0.019765 -0.163326 0.932240
-0.101987 -0.068187 0.932240
0.024798 -0.237805 0.932240
-0.170306 0.197518 0.932240
0.063254 0.285244 0.932240
-0.145867 0.008436 0.932240
0.168486 0.278384 0.932240
-0.059986 0.194714 0.932240
-0.279021 0.173462 0.932240
0.020281 0.098156 0.932240
-0.101973 -0.088979 0.932240
0.275530 -0.094778 0.932240
0.117026 0.197125 0.932240
0.075293 0.006797 0.932240
0.026338 -0.312777 0.932240
-0.164673 -0.247492 0.932240
0.184955 0.285870 0.932240
0.066395 0.002605 0.932240
-0.076999 -0.212669 0.932240
-0.152946 -0.084317 0.932240
0.276526 0.114899 0.932240
0.184124 0.279994 0.932240
0.013851 0.099063 0.932240
-0.029378 -0.241011 0.932240
-0.013668 0.312998 0.932240
-0.118451 -0.041021 0.932240
-0.290688 0.038742 0.932240
-0.286424 0.022458 0.932240
0.336148 -0.106446 0.932240
0.212905 0.280159 0.932240
0.048748 -0.289665 0.932240
-0.200798 0.300055 0.932240
-0.297658 0.009238 0.932240
-0.306610 -0.144571 0.932240
0.212634 0.095000 0.932240
0.129622 0.143437 0.932240
0.041056 -0.029149 0.932240
0.043175 0.056203 0.932240
-0.027946 -0.156446 0.932240
-0.254551 -0.008354 0.932240
0.074488 -0.138577 0.932240
-0.040879 -0.162374 0.932240
-0.229253 -0.014914 0.932240
0.282244 0.054613 0.932240
0.181892 -0.255214 0.932240
-0.138929 0.061635 0.932240
-0.141869 0.075345 0.932240
-0.216596 -0.081307 0.932240
0.336025 0.132089 0.932240
0.152834 0.069535 0.932240
0.332636 0.001694 0.932240
-0.063166 0.075447 0.932240
-0.068562 -0.190537 0.932240
-0.103950 0.169499 0.932240
-0.186590 0.015701 0.932240
-0.192464 0.025046 0.932240
0.008061 -0.123422 0.932240
-0.141307 -0.304661 0.932240
-0.229383 -0.169080 0.932240
0.115476 -0.017003 0.932240
0.057032 0.334333 0.932240
0.232052 0.143638 0.932240
0.117273 0.040873 0.932240
0.068016 0.138291 0.932240
-0.075034 -0.029995 0.932240
-0.265754 -0.066633 0.932240
0.111149 0.099624 0.932240
-0.144075 -0.232591 0.932240
0.156680 -0.011916 0.932240
-0.060878 -0.335416 0.932240
-0.148188 0.281721 0.932240
0.024140 0.023940 0.932240
-0.004447 -0.005496 0.932240
-0.207477 0.169800 0.932240
-0.278533 -0.146925 0.932240
0.038930 -0.256310 0.932240
0.011905 -0.181815 0.932240
-0.026786 -0.019016 0.932240
0.086317 0.306549 0.932240
0.005573 0.107435 0.932240
0.133438 0.208616 0.932240
-0.034924 0.066784 0.932240
-0.041592 -0.072186 0.932240
-0.049373 0.148551 0.932240
-0.235799 0.227682 0.932240
-0.248892 -0.222463 0.932240
-0.334479 -0.062351 0.932240
-0.042740 -0.032987 0.932240
-0.186358 -0.118175 0.932240
0.186090 -0.007757 0.932240
-0.067096 -0.156570 0.932240
-0.144700 0.315231 0.932240
-0.145547 0.081143 0.932240
0.001952 0.058075 0.932240
-0.027499 -0.264308 0.932240
-0.060020 -0.015790 0.932240
-0.175341 -0.211513 0.932240
