248.848914686885	85.5615731728117	0.00513077923645255
321.247844351435	84.2672845596948	0.02328970723579
20.2110412645306	83.2206219396739	0.0466524394180112
71.1849559812769	82.313746545418	0.0655757591455028
116.766286307251	81.500805542836	0.00416052525724808
158.365088505933	80.7612931300648	359.984298524785
196.920419319898	80.0708136509614	359.974503668096
233.024482374057	79.4275279305697	0.00955063239220522
267.002416553669	78.8149378126691	359.987414674618
299.300238207829	78.2462698219862	359.977511327723
330.106376089522	77.6948006162682	0.0109209838739446
359.615648179492	77.1662249276198	0.00560369835019969
27.9565175517281	76.6624847555547	0.00190504141070846
55.2954927616649	76.1718738029928	0.0358009898081093
81.7330506938364	75.702417769091	359.974828443897
NaN	NaN	NaN
132.151157389493	74.8036355737689	0.0108585657963829
156.315078416338	74.3791136399974	359.962782291366
179.842402358799	73.9550144035444	359.987786704401
202.769558071321	73.5464650328356	359.98667341599
225.167476118969	73.1431184450607	359.962187224415
247.07230763863	72.7565283990978	0.00522482573103389
268.502154617352	72.3752535503071	0.0106720862120255
289.487156912914	71.9975750642756	0.00568918280274033
310.053371754173	71.629932177063	359.971886564948
330.237914537876	71.2675844267204	0.00769927841736262
350.039671285426	70.9134865374675	0.00973017351645922
9.50358629846468	70.5664379387763	0.0063360499523526
28.6505070565627	70.2240445726422	0.0194742466097466
47.4922200421424	69.8962958069765	0.0489097383354533
66.0189524302051	69.5687609571799	359.992982028013
84.2577712198926	69.2403858954471	0.0216347696668606
NaN	NaN	NaN
119.954586894972	68.604220660714	359.987078170597
137.421895236902	68.2903206202299	0.0130243898696563
154.677687977651	67.9848748755004	0.00888748398458006
171.681006919757	67.6825258115731	0.0563176190921411
188.480193941789	67.379613989651	0.0556838889304174
205.06774251896	67.0878352690104	359.992496420786
221.443014149104	66.7908844293759	359.977135776549
237.646711575753	66.5043116301637	0.00923195712007896
253.650749767598	66.2114281042694	0.0186083390633485
269.483750347677	65.931857467919	0.00207116340465063
285.158379019476	65.6583068349562	0.00644239101114863
300.636845348186	65.3804593745807	359.941894960727
315.982512480887	65.1091887345901	0.0674021613915556
331.130389310389	64.8380453967171	359.964258981956
346.159545846056	64.5741666987294	359.920248221014
1.04702320492531	64.2999600752866	0.00870532578295524
15.772423945656	64.0438344488051	0.00919271511378383
30.3713059326986	63.7827010455944	359.974564557573
44.8453570021638	63.519715990658	0.0343987015026244
59.1705136544396	63.2708254517283	0.0222281515626435
73.3782888200228	63.0167292443565	359.957491675529
87.459487046781	62.7642169820739	359.977875647685
101.42338813608	62.5165435031566	359.989448997185
115.277308850353	62.2692919053939	0.0257156141321673
129.033157993234	62.0207254737905	359.949014693222
142.652354833024	61.7747760586895	0.00695778854702667
156.170475074568	61.5363832209639	359.990617897413
169.598351658107	61.2990564158938	359.990078466876
182.907655298704	61.0602024571129	0.0222484503460976
196.121444933631	60.8260096941058	0.0253466174561936
209.240457113355	60.5968757142177	359.969914874168
NaN	NaN	NaN
235.203498812627	60.1291850706937	0.0288415091215484
248.056192995947	59.8972006565237	0.0438604047464537
260.796938380011	59.6710310508999	0.000667320447746533
273.47821281092	59.4451351268628	0.00722922109869728
286.065634449461	59.2194891300729	359.99248410005
298.573503627151	58.993950948541	0.00668494957491816
310.984534132224	58.7740889702109	0.0231161392351851
323.343343785472	58.5545518401634	0.027064553196027
335.603059300582	58.3394916854078	359.950122126161
347.789955394199	58.1209554571253	0.0171043055967743
359.910016994022	57.9075247138278	359.996074262074
11.9540347053748	57.6859027144749	359.9633948125
23.9341578201527	57.4743941860471	359.986977392939
35.844320409301	57.2643817514371	359.988350737496
47.6770366769032	57.0498299730082	0.0375140217294359
59.4398183438527	56.8441250016379	359.988239661695
71.1558765605245	56.6341564801546	359.963034111782
82.7884378930469	56.429145373484	359.986270781925
94.3624466817049	56.2171458738829	0.0150888997149536
105.890361003167	56.0175069008407	359.999998866197
117.343082363762	55.8066365640117	359.975213801117
128.729657942237	55.6076371412874	0.0492977320961927
140.066095487396	55.4017309494309	359.980188805273
151.339488314567	55.1985131016387	359.987593552095
162.556620624182	55.0028321423853	0.0176400851261747
173.730364106959	54.8050610331698	359.993477237248
184.848591336143	54.6002261171058	0.00972326463016771
195.899048824447	54.4048832916859	0.0103723005633469
206.889891044993	54.2096923126079	359.888463816791
217.84666371179	54.0140829029248	0.00542787783712129
228.754111885718	53.8222878722199	0.0130776181771353
239.602154435105	53.630987290417	0.0418413961544672
250.411560623485	53.4413109631986	359.987238707596
261.168903763818	53.2393698788513	0.00894760702598774
271.854529108077	53.0523031419855	359.95926781401
282.519550136467	52.8613948870732	359.971282432613
293.129857667004	52.6749547243394	0.037803915753841
303.684258928346	52.4843774527539	359.953463513596
314.212829803149	52.3019019857767	359.994529251787
324.688206443255	52.10901539856	359.991645903005
335.119665284024	51.9218018367643	359.983616140439
345.513707798999	51.7441161203182	0.00324466367351306
355.853856377736	51.5587719927966	359.968782606704
6.16249660714415	51.3747657487126	0.0793092921528
16.420843177551	51.1914438170843	359.988060625023
26.6524563648496	51.010244248996	359.994001143421
36.8244520704939	50.8249289337255	0.0307832193674642
46.9677430378263	50.6427140439045	359.932496030088
57.0695935386258	50.4666863252865	359.953741860801
67.1432066143731	50.2833399612048	359.978599044806
NaN	NaN	NaN
87.156912171113	49.929884702859	0.0360261226005605
97.1150409114028	49.7478373688148	0.0312660992816518
107.026822813109	49.5720236712918	0.0140067546352327
116.907670658122	49.4000632759389	0.0144189513068795
126.766464732319	49.2252106482648	0.0764265170367366
136.580769623198	49.0444224683576	0.00953321999929813
146.343976697958	48.8716850459387	359.969614594374
156.095435485062	48.6990724547733	359.992389373923
NaN	NaN	NaN
175.486990517191	48.3550967643911	0.00338271958946734
185.11830650789	48.1794142651922	359.963277331827
194.738803013208	48.0083852042637	0.0132150339761665
204.307127005687	47.8398405484305	0.0560533566135746
213.860173466981	47.6746572141421	359.970955488737
223.378316883277	47.4934515570936	0.0153509378972956
232.847478319772	47.3278064335909	359.875023101072
242.319849577738	47.1556819713115	0.00869916483131306
251.754210416558	46.9872773191179	0.00716799110929855
261.141224249441	46.826813662935	359.995048343023
270.515022883005	46.6622919974701	0.0202892196197695
279.85573569082	46.494310051762	359.997239652743
289.162259188567	46.3244063096368	359.955669942228
298.451491781009	46.1645313239773	0.046406506644928
307.698061611049	45.9973828563096	0.011650748706387
316.929583983626	45.8288133848293	0.0576481323511473
326.130345041352	45.6653176846853	359.999513654718
335.299454671894	45.5031099414602	0.0647368345556174
344.449132520769	45.342008056822	359.990517943603
353.558174573868	45.1772303200811	0.0405522418113549
2.66831378084603	45.0110473167985	0.0238959191324852
11.7229569843929	44.8538097744457	359.96233708975
20.7696383339431	44.6961816128414	0.0204481636893661
29.7880156286177	44.526110605354	0.0183304389675527
38.7889656319534	44.3733356800381	0.0238562262549067
47.7477975260665	44.2169637052441	0.0605873964985904
56.6926281494227	44.0490637923341	359.979555281831
65.6130343736602	43.8941644448244	359.961277129358
74.5140245137332	43.7311050738989	359.96707466789
83.3930351218956	43.5796148118292	0.000123958836212523
92.2401619109834	43.4152432603342	0.0634644617259141
101.065829001009	43.2575906830514	0.00290021249665529
109.871297423329	43.1042669971689	0.0227886806202946
118.645946627526	42.9387984467765	0.0149482192165635
127.410410546495	42.7878036579588	0.0101871071735502
136.146055642814	42.6400753640894	0.0177372086841956
144.856301904833	42.4801847521265	359.990169250437
153.556102027509	42.3234833211822	0.015733445277732
162.22875282382	42.1671724109973	0.00978802354939035
170.878345176037	42.0119571522838	0.0244654993086328
179.506563810561	41.8583017634063	359.953580113305
188.113107257267	41.703566929834	0.0147479582895471
196.710646976245	41.5581225758048	0.0608496481642362
205.273299836742	41.3998214174356	359.976650891416
213.819227319808	41.2520609393917	0.00488135916276633
222.352509893864	41.0963869254039	0.0298821365663002
230.863916067973	40.9522104365948	0.0787748665877075
239.349607972328	40.7904513708698	359.995608510577
247.80726142174	40.6420538027235	0.0545444387899465
256.265001747104	40.4906429928126	0.0242305958296924
264.698756241744	40.3444142425221	359.942059653566
273.120917826379	40.1916495059859	359.968359144981
281.512054458942	40.0448477917629	0.0379749040906461
289.88043261502	39.8879965865994	359.990767319841
298.247382635485	39.7424852464421	359.962861943304
306.581017897555	39.5929302276765	359.967164789462
314.906384714261	39.4479915361038	0.0338302500538248
323.214045312461	39.3005577579464	0.000357575138963284
331.497734927783	39.1517747602215	359.974658435074
339.763127699279	39.0034377419263	359.973052073062
348.021218039376	38.8540274304045	359.979237984204
356.251977285466	38.7115305752336	359.974136718942
4.47935145075921	38.5627992509133	359.972301630618
12.6729042844454	38.4139159642832	359.967594830201
20.8579340755214	38.2746019038269	0.019058531877107
29.0317833664352	38.1233255515838	0.0323852569886469
37.1865148136167	37.9753895000345	359.968510627698
45.3215347087253	37.8388431392316	1.54736058277649e-05
53.4325203741178	37.6927371757761	359.977782517917
61.5383265135506	37.5444572653869	0.0159216883743341
69.6356685113682	37.4011126048735	359.975483388862
77.7031849109319	37.2534564133575	0.0166290107071347
85.762086563236	37.1155791459859	359.982064523309
93.808217408331	36.9698930763214	359.96861699366
101.830819354599	36.828842112995	0.018419832847627
109.849323186847	36.6899044361402	359.978647431996
117.849709914082	36.5363985071988	0.0683608638549913
125.825080196702	36.3977004142899	0.0309407461938349
133.790919776312	36.2601340172571	0.0139082887681639
141.743728305139	36.1202997184807	359.988320708722
149.690307553246	35.9697569738933	359.975807276569
157.618184523056	35.8273313604194	359.928420211374
165.518333927839	35.689114433857	0.0185361601998579
173.426687628265	35.5507283409347	359.959786975142
181.303378719365	35.412062207928	0.0037696752175691
189.168761544081	35.2684570917143	0.0261301134927123
197.027242669198	35.1340283544235	0.0188122684455152
204.872678230611	34.986983930917	0.0200378822036669
212.708352794476	34.8457023904644	0.0482382510743093
NaN	NaN	NaN
228.328600535796	34.5732656036	0.00380071742833366
236.119239627694	34.4354712648926	359.960342116002
243.885319318002	34.2916287765191	0.0491027814912286
251.651226513193	34.1546613118417	0.0415571794848404
259.408852835047	34.0149667330017	0.011907860546188
267.145993042297	33.8873923149901	0.0794435922076673
274.872283384494	33.7402444664749	359.980031458904
282.585310994327	33.601352158706	0.0199060453709592
290.279564132961	33.4633073338102	359.953241683396
297.982103204333	33.3213744445667	359.867966944858
305.647003269518	33.1920282588175	0.04218527595404
313.319140557877	33.0561861047085	0.00902858727721423
320.973782851667	32.917808222548	359.997470855095
328.608051732539	32.7858339336362	359.997290244571
336.243642700051	32.6456008444634	359.944571170601
343.86477114933	32.5075684162053	0.00360626806315167
351.460738568374	32.3761979934353	359.959257488171
359.066330984812	32.2380892735883	359.979648495531
6.6525614143835	32.0989765758399	359.993845859715
14.2245509504757	31.9674273802282	0.010901353990505
21.7760333967445	31.8387482773274	0.0093830416799392
29.3364034178671	31.7013247412995	0.0807821795694679
36.8773742793857	31.563966932146	359.984666678194
44.4038253645634	31.4356820103155	359.97613887385
51.9184259013136	31.2989399864085	359.963345782082
59.4292464265274	31.163869027275	0.0577761241991368
66.924712828588	31.0265727912404	0.0133653231870596
74.4148135905459	30.8930361468	0.0120433274725826
81.8843469891838	30.7650754188848	359.98101325807
89.3457165510879	30.6294339578949	359.947763979501
96.8052089303202	30.4929082178085	359.98474720427
104.253833764215	30.3693329948626	0.00729848080717943
111.684918597392	30.2276033719953	0.0159649545686875
119.111492240352	30.1000589808335	359.990917066863
126.527169825067	29.9683111069065	0.0364565678177655
NaN	NaN	NaN
141.332632714144	29.7049040756841	0.0316884168480556
148.720043744639	29.5711195228238	0.017298330753249
156.08911095167	29.4456746963625	359.992644406404
163.459565073358	29.305278745061	359.991749545182
NaN	NaN	NaN
178.166848706109	29.0457835516579	0.048782770903756
185.504594640742	28.9180123955668	0.070977472481303
192.829212309839	28.7860884009202	0.00607171653774685
200.152043958349	28.6608837203746	0.0082474090758069
207.461645380577	28.5188724879174	359.996971717053
214.768962409004	28.3888760773974	359.993220036151
222.056038128627	28.2653646429913	0.0934306619654137
229.346343103957	28.1333479270755	359.989453415377
236.620191666181	28.0038693163958	359.932300829067
243.882524270957	27.8791086258541	359.979132513294
251.144609629346	27.7441547208392	0.0433369346980896
258.395072870014	27.6161562729318	0.0216594179574088
265.629356132476	27.482850363134	0.00724064361006072
272.864651834379	27.3599551834012	359.991828788712
280.086532141822	27.2284343041031	0.00901175359990702
287.305310786697	27.0971281804592	359.98645361912
294.508569430244	26.9693179388464	359.950450736023
301.707345292292	26.8454022182834	359.977719840764
308.902266978572	26.7151863790667	359.947549331268
316.077640278143	26.5827729292931	359.98597102366
323.254498694179	26.4524831893692	359.910037499681
330.423983466056	26.3286129671491	359.938768045924
337.589874513602	26.2004070227919	359.990398260811
344.736916172197	26.075921130661	0.0331487138341799
351.87288612162	25.9467295543451	0.0218912261026958
359.014084510134	25.8257577995368	359.937375623234
6.14569510922665	25.6953766228548	359.995937711221
13.2593630035831	25.566784050602	0.0103265706932234
20.382448489696	25.4397410976284	359.956109178248
27.4819046023654	25.3154058340384	359.990557001796
34.5814146579755	25.1874815317959	359.908779625781
41.6658162377562	25.0626584858151	359.999717515845
48.7463513888408	24.9316915415993	359.978328689739
55.822118970191	24.8071265179311	359.974126458647
62.8926357547641	24.6849689883424	359.975205797547
69.9499613848417	24.5577095853602	359.967448675667
77.0145161231532	24.4320380224106	359.974058877223
84.0581645818397	24.3050132676374	359.96152446231
91.1070467871885	24.1789182483928	0.0445901330221545
98.1350233881302	24.0507302442983	0.00878075277518064
105.16395317299	23.927898586489	0.0397814245995392
112.181502140222	23.804152780418	0.0297412188773478
119.198962550131	23.6790803054896	359.979714593002
126.19859712621	23.5553718973275	0.000802740825520232
133.192992849495	23.4237018247663	0.0187182614301094
140.195434209222	23.3040700352935	0.0370842246930465
147.181264549935	23.1736344517468	359.977446153807
154.164162495825	23.0509232081233	0.00321653826142665
161.131307430549	22.9257441233033	359.968301396911
168.09636291675	22.8035186096083	0.0451149186503415
NaN	NaN	NaN
182.019116709192	22.5594003715657	359.951560015558
188.967614932017	22.4364988140653	359.979961887266
195.900662338808	22.3073125607198	359.972177400926
202.845009733018	22.1847138335558	0.0168023600446361
209.77114640357	22.0596290640497	0.0103827731499848
216.693979913917	21.9397302461683	359.966634418515
223.607458145404	21.8162598489227	0.0379100786976778
230.520300488842	21.6946778855691	359.976361294292
237.433622115199	21.5684998037343	359.991420016474
244.343648974856	21.4422363241227	0.0909206686731068
251.225661719383	21.3219712202783	359.989744010182
258.115462019774	21.1982696979421	359.977860517553
264.998781233968	21.0749440442838	359.983260133919
271.87371802595	20.9584714612109	0.00372323221114357
278.743336299479	20.8322194071897	0.029770256316823
285.606503388931	20.7104528802797	359.969605601528
292.46844793853	20.587489555212	359.977381195392
299.328626403164	20.4639287653131	0.00885504694986139
306.176835182712	20.3401399814351	359.968386807579
313.021403644343	20.2245350153506	0.0350429735046589
319.85527074735	20.1001488197911	0.0109550666743417
NaN	NaN	NaN
NaN	NaN	NaN
340.345211524543	19.7342850624476	359.985883674628
347.159805933735	19.6168110277828	0.00694795937653225
353.968151178199	19.4933899046257	0.0710239454567443
0.783068283794705	19.3750525798797	359.997268089346
7.58657847234686	19.2495875158696	359.980860354654
14.3833572537431	19.125677784838	359.953331632919
21.1701473619223	19.0034032797348	0.0581072780925922
27.9594116365281	18.884368454209	0.0647900231825247
34.7404163938816	18.7632026813777	359.99701500401
41.5186352901684	18.6452249171334	359.9677446971
48.2923934900559	18.5218679637169	0.0394883840525608
55.0382560433804	18.4104757497784	0.205543372957607
61.8138781018271	18.2878665354092	0.110377848763534
68.5873298944088	18.1608934292978	359.941866890461
75.3354813350934	18.0430822372009	0.0155594161020645
82.0889651397398	17.9202692581594	359.966042681539
88.833346527244	17.7986409188621	359.997763285234
95.5705452532121	17.6772919293324	359.988501831319
102.309459905333	17.5613859236649	0.0199860312688713
109.030393955733	17.4408759831962	359.938486793296
115.758487005707	17.3194564243451	0.0170492586614728
NaN	NaN	NaN
NaN	NaN	NaN
135.923381179085	16.9601605039342	0.0133221568812587
142.629741051813	16.8379687213339	359.997577333279
149.326539289005	16.7229296649422	359.935463903512
156.034537761292	16.5958932340151	0.00796456872976137
162.726241658923	16.4843531248711	359.970822474887
169.420099701031	16.3639182562509	0.014321191717471
176.108792270766	16.2409511598456	0.039048379107669
182.799031126488	16.1237099350541	359.986653136468
189.477944831845	15.9991131068595	359.969327784511
196.153575102843	15.8828061752764	359.978890399578
202.826298827943	15.7646342646009	359.961862775723
209.499416587643	15.6474147278542	359.996493231184
216.152810767338	15.527402079747	359.993112825936
222.818329118746	15.4071359010219	0.000617850967586264
229.475557309139	15.2898785487394	0.0397752306268728
236.131627697396	15.1725314242924	0.0640442724395314
242.775675223036	15.0594830278471	359.960482894125
249.425241703187	14.935123358063	359.950950966218
256.065131716727	14.8175228259462	359.980822804529
262.706675872821	14.704425123236	359.999603336792
269.340903926562	14.5786190774936	359.988656347571
275.971544163332	14.4675499984489	359.999474905021
282.603694448161	14.3408173602753	0.0139538521552538
289.229541936546	14.2254785290446	0.013842970483779
295.842523916978	14.1046205696398	359.922167441475
302.470228585021	13.9916901277299	0.0150234197811869
309.076174330049	13.869638534918	359.968809649633
315.693498476023	13.7571426242336	359.987659663524
322.298130114287	13.6331989263793	359.993294959882
NaN	NaN	NaN
335.501410645851	13.4013735152092	359.970021411908
342.105366430072	13.2846946129682	0.0116223007057386
348.695836411718	13.1630381281256	359.98789911058
355.288085244324	13.0535699878679	0.019022456164123
1.873613994374	12.934628023662	0.0105106052706958
NaN	NaN	NaN
NaN	NaN	NaN
21.6173500340808	12.5808628957566	0.00856383791847293
28.1955922325757	12.4610992736258	0.0194929837249731
34.7663104313538	12.345350332873	359.985421990659
41.3415966912567	12.2219880080623	359.983369256585
47.9080358312214	12.1125525724996	0.0255149223517606
54.462578249597	11.9951304258219	359.972957253149
61.0242202005593	11.8846638459467	0.0615688772220153
67.5872107533668	11.7540531196824	0.0070139733439305
74.1495361543641	11.6426807077007	359.978552526599
80.6939669572975	11.5130963408141	0.1258167639931
87.2487226033314	11.4110473942726	359.997185161251
93.7944309738914	11.2886856682267	359.950576760615
100.342159832295	11.175652730369	359.975416522145
106.885020257064	11.0548835519788	359.980161456266
113.423497677962	10.9452537203779	359.95937614736
119.966844582388	10.8265607135915	0.012241816270091
126.499435081004	10.7087835197893	0.0326797715908356
133.027263714403	10.5954860458175	0.0719740026522686
139.561304467135	10.4750530343698	359.998858743335
146.087083084061	10.3609012243702	0.012927804828621
152.605984840508	10.2454648145358	359.94586203734
159.137078536473	10.132559402363	359.994656095795
165.660707268775	10.0142286095201	0.0503400207146854
172.166781211388	9.89611858867366	359.991070839502
178.689010117992	9.78239824814909	359.999659719198
185.19970838366	9.65734184430342	0.00461534698439436
191.710313595377	9.54269116061711	359.979113510958
198.223548761941	9.42840788979751	0.0531931986439531
NaN	NaN	NaN
NaN	NaN	NaN
217.733909482831	9.08231705713301	359.984464240311
224.228470809794	8.96495490594782	359.936550710362
230.733660694838	8.85312959305561	0.0261986340281908
237.217386195751	8.73875872458328	359.959809647535
243.72226727233	8.61868690889291	359.989679422892
250.211343767173	8.50161993778923	359.974928704865
256.705654952655	8.38565817021217	359.995551478905
263.191424548913	8.26895876443548	0.00543226364044358
269.674589039432	8.15493823291106	359.986913054227
276.162825686382	8.04370143931301	359.994782207849
282.642186863035	7.91942497537593	359.983504725389
289.125232557212	7.81223294151722	359.987863569286
295.59591458518	7.69422043285627	359.96031319385
302.076837898573	7.57720942960354	0.0213754421982912
308.554261260632	7.4665331284951	0.00733950640949388
315.031134523752	7.34677781108734	359.997551543789
321.499114941736	7.22959641205948	0.0103214598591421
327.967953954536	7.11465200774776	359.992687467989
334.442910597303	7.00130242971032	0.0454508122713264
340.901154025329	6.88756679211355	359.99430247802
347.369767483953	6.76561791733614	359.955949804119
353.828302352629	6.65052465683308	359.95274432716
0.302419790340267	6.53774775478362	359.977613844972
NaN	NaN	NaN
NaN	NaN	NaN
19.6727716664053	6.18921584111125	0.0151554043794988
26.1292598734494	6.08148722802819	359.996061301808
32.5854522787065	5.96341549351007	359.959516146589
39.0410826315824	5.84597284082514	359.956576963772
45.4994591460224	5.73531964042563	359.990543675387
51.9486271383429	5.61970574570724	0.000670696493386913
58.3950899464023	5.50514962833594	359.999226997881
64.8526353667029	5.38932948898982	0.0324278662110373
71.2926999771059	5.26809364459515	359.970250557024
77.7367909917903	5.16097447806575	0.00543860417107567
84.1850866640846	5.04247143735998	359.97886174488
90.624673154208	4.92506400531428	0.0223761037599388
97.0725594231081	4.81125590476464	359.990207992764
103.5096528718	4.69751680253094	0.000617881524817676
109.956683049377	4.58026469050728	0.0165350046977437
116.391278474778	4.47544820569492	359.984279207848
122.830485235144	4.35286771611669	359.980852270738
129.272520631297	4.23875571233683	0.0470616610848822
135.706481558932	4.12130052709981	0.005499708221123
142.140226994279	4.01437998527977	359.973593882132
148.580439552433	3.89944864787779	359.941332295322
155.012773603169	3.78312808918713	0.000816138816674084
161.448974435316	3.66941854268987	359.990804622427
167.872868811372	3.55282419813906	0.0218849808771608
174.308964485865	3.43894622288566	0.00259574651019534
180.736363676328	3.32066295365215	0.0336200731257179
187.170831886481	3.20204107294786	0.0293911548295398
NaN	NaN	NaN
NaN	NaN	NaN
NaN	NaN	NaN
212.885048547625	2.74460145100318	359.972631142184
219.307597932769	2.63223439163748	359.985753265099
225.739618197317	2.51716705856138	0.030228318066662
232.162105261233	2.4001034278734	0.00903590239994401
238.589788800199	2.2842954972392	0.0399497511963318
245.006481124951	2.17308366100818	359.993924914863
NaN	NaN	NaN
257.859340334649	1.95155902755172	359.973443027791
264.282836027983	1.83429707991826	0.0714333146279955
270.701997902178	1.71861004515097	359.934349232865
277.126982404415	1.60241110614649	359.996957093334
283.547504542198	1.49183923210137	0.00324573625135827
289.966588898764	1.37354689647994	359.99324735154
296.393877450582	1.25579351626148	359.985277034689
302.815062238091	1.14872561152478	0.0693617808533986
309.2333155563	1.02964702609565	0.0113725161237426
315.652321610267	0.914371115692347	0.0167716038752985
NaN	NaN	NaN
328.489249143257	0.683126742315949	359.985357971753
334.919354175429	0.572235501105325	0.0917173511751628
341.33541959063	0.459951807599538	359.995513083296
347.755238134465	0.347627721290223	359.996120508493
354.172588614009	0.229441588958977	0.023043914058718
0.595002942982461	0.120283313794374	359.994428982331
7.01344598840096	-0.00176416911094179	359.982905453305
NaN	NaN	NaN
19.8501811912176	-0.227047844876395	0.0210255886217112
26.2718740366007	-0.341280943599628	359.967525995722
32.6898280937602	-0.458726003096075	0.0379656711945131
39.114140543524	-0.573920136538078	0.0229470117232609
45.5378486777384	-0.684901472425437	0.0130381595355118
51.9466368547659	-0.798757093183482	359.978362114797
58.3750844541104	-0.911174262054629	0.0248530193834711
64.7967666294764	-1.0296679576779	359.991746756855
71.2138092544223	-1.14365093834095	359.981445362224
77.6326633185771	-1.26186292465515	0.00361329764942298
84.0544510569704	-1.37737739334578	0.0374552283345508
90.4798991053675	-1.48835712472186	359.957871045191
96.9001605167895	-1.59845097908435	359.955503796625
103.32676528868	-1.7133433126079	359.988455016319
109.748676324594	-1.83430642918779	359.980009592103
116.16481665061	-1.95006513502105	0.0060762308798985
122.590867258412	-2.06626947855651	0.0385952795334106
129.011751501344	-2.17965667824849	0.0264986878744082
135.436174244319	-2.28779143796764	0.00310252279624024
141.857680541984	-2.40585128804905	0.10642283929414
148.29544576137	-2.52179520909193	0.0416367041158026
154.71891325672	-2.63900956748995	0.0130519070211221
161.1434576415	-2.74386710927928	359.970637932652
167.569878452543	-2.85722747433469	0.0349570203973997
173.997723850867	-2.9758684905616	0.0709421548578462
NaN	NaN	NaN
186.861233170264	-3.21170636687548	359.967845081121
193.288821195128	-3.31980996561143	359.966460972896
199.722038825988	-3.4389055994604	0.00848375917470889
206.151606841041	-3.54782837627391	359.992046251415
212.588248729653	-3.66794763273067	359.945272372128
219.016019747949	-3.77956542878185	359.958988826269
225.447896807223	-3.8945247632174	0.0310606676914347
231.884124178738	-4.0112091514963	0.0295383612628086
238.321246312464	-4.12304126691788	359.98764788104
244.756081671369	-4.24376752070857	0.00734860617293975
251.194061524494	-4.35469579687927	359.998264154037
257.62727514559	-4.47087122939494	359.961953774298
264.075294875383	-4.58451010609416	0.0344974635238771
270.514603150106	-4.69696204193124	359.959091393725
276.959230496101	-4.81668517450163	0.0238206781223766
283.394141547906	-4.93081716083711	0.0311166782899477
289.84153579469	-5.04460705989641	359.990944164088
296.284495626145	-5.16190682026509	0.014428975996708
302.737220634202	-5.27566210973147	0.0127166908054051
309.178917282226	-5.38778262240447	0.0118366672048751
315.631419020622	-5.50372376355033	359.964370512466
NaN	NaN	NaN
328.527078299039	-5.73213962924252	0.00220226039868976
334.987414866649	-5.84386317420982	0.0178965150066404
341.434794814692	-5.95867270315523	359.992886782009
347.896108031012	-6.08083619173364	359.989029186014
354.350253357927	-6.19575013422222	359.970854995181
0.80673876992384	-6.3076322449011	359.959154632882
7.26906216404311	-6.42197283395356	0.00192363876644208
13.7228064871645	-6.5359883513926	0.0142420683902742
20.1872401724057	-6.65616420564642	359.948271828714
NaN	NaN	NaN
33.1236514159537	-6.88610702436661	359.977329207656
39.5877781468775	-7.00472703273182	359.9705164424
46.0588684934452	-7.1206131569153	359.986410729916
52.5318703737316	-7.2335021235488	0.0135679076012991
58.9970234086801	-7.3439064013985	0.00566098094142831
65.4700462444562	-7.46274467374903	359.988379180385
71.9502891605233	-7.57656019399363	0.0428663302561461
78.4201557663337	-7.69315602809941	0.0295764712003574
84.9082697524355	-7.81520699919074	0.0427233120734911
91.3831426339159	-7.92153730078103	0.019381126374725
97.8643254640855	-8.04272884236394	359.952565354714
104.345582291187	-8.15731946001328	359.992843529189
110.83328110117	-8.26712748822213	0.0219358000834973
117.31534467157	-8.3885872915191	359.954385080773
123.812883616321	-8.50399786883841	359.981743942474
130.306638204073	-8.61699823011834	359.997631846049
136.806147047697	-8.73313012456663	359.970020355604
143.298635081822	-8.85084049849826	0.0587158725099073
149.793167408636	-8.96475911211583	0.0603045077709794
156.296457316151	-9.07870447856625	0.0200726765672812
162.797992295383	-9.2029263245897	359.980477068377
169.308866423954	-9.316379838147	0.0330793129257074
175.805235693319	-9.43245375659264	359.976650727108
NaN	NaN	NaN
188.83046438667	-9.65788163760699	0.0433594684466527
195.338151109745	-9.78050302264266	359.975661547106
201.852024322793	-9.89186031776703	359.973296003902
208.377750076865	-10.0075809129456	359.993989060326
214.897816197563	-10.1313840845155	359.989435887251
221.417379504485	-10.2464823964945	359.968822714691
227.941384899384	-10.3622698931662	0.00986513768580721
234.463667167754	-10.4786349713604	359.950914646573
241.000387463769	-10.5910226978697	0.0152899504104766
247.534794583235	-10.7035159527708	359.999972722363
254.060473266856	-10.826354058441	0.012038448319089
260.602623154101	-10.9466584199467	359.9823962015
267.139055365876	-11.0601324421461	0.0594270609977059
273.68328734368	-11.179374809044	0.0178872821794869
280.228840900639	-11.2944776704119	359.966585862297
286.773398974791	-11.4045992975184	0.0176057927957913
293.325339530355	-11.532248177688	0.0180565844725038
299.884237123029	-11.6359795987982	0.0169145513111744
306.441822591006	-11.7579994183288	0.00261888022788526
312.995453460272	-11.8802710381654	359.97474536923
319.561952138296	-11.9962458239179	0.0128134858882163
326.114563017586	-12.1054891325876	359.992508817356
332.683480293802	-12.2180752101373	359.909854648109
339.262157490389	-12.346007735141	0.0535354477439114
345.840266707821	-12.4629422866845	359.920946994955
352.407011601839	-12.5749820026538	359.9902324646
358.98905344014	-12.698018666724	359.974777967175
5.56658254602135	-12.8112250936911	0.0148464282308964
12.1601263038728	-12.9345268269684	359.913674123839
NaN	NaN	NaN
NaN	NaN	NaN
NaN	NaN	NaN
38.5234589702884	-13.4035260235652	359.938356136134
45.1285042255962	-13.5141504622329	0.0195655980982963
51.7262715376654	-13.637310664265	0.0646415622820768
NaN	NaN	NaN
64.9550113603822	-13.8750225148623	359.986992616468
71.5577216344199	-13.9873878236984	0.0375256534573793
78.1745662525385	-14.1101816216404	359.973434958391
84.8068060631644	-14.2260827118056	359.965113238313
91.4223180990107	-14.3445766748809	359.967320745008
98.0560026811688	-14.4635078897533	0.0307089369268851
104.680571712731	-14.5765960805774	359.938646637438
111.321836994001	-14.6978660320196	0.0147099427151716
117.960404396014	-14.8177019280848	359.997626049072
124.599412659226	-14.9343949275724	359.939994397958
NaN	NaN	NaN
137.900999610119	-15.1755484887255	0.0121477951041413
144.555430265655	-15.292187689062	359.970636416182
151.210890107195	-15.4108330834936	359.980798889161
157.871839789087	-15.5323571539087	0.0340175785756855
164.539897963716	-15.646914397915	0.00888626290381467
171.199311246858	-15.7648335573079	359.974645185449
177.875089243418	-15.8872021000192	359.959250802813
184.552774182371	-16.009465365389	359.94913619468
191.231348207078	-16.1231704236654	0.0208934117111994
197.915702255576	-16.2397410903609	359.986991945187
204.602573303821	-16.3592456651535	359.955939747159
211.295588150882	-16.4830488043737	0.0852533102367659
217.992290979446	-16.6033342626614	0.0158321059246873
NaN	NaN	NaN
231.400020669005	-16.8402028808843	0.00935625517482208
238.109096260985	-16.9620903578062	0.00181686895950861
244.82985038786	-17.0852350264024	0.0663765568248778
251.538891159634	-17.1956476453414	359.992099948567
258.262068788105	-17.3226199387393	0.0144094199178539
264.9878055082	-17.4370463954595	0.0142425098622709
271.72233669744	-17.5636733358705	359.983201900458
278.4608254032	-17.6788528848335	0.0210337908900726
285.193695956877	-17.8006632853796	359.985962100405
291.939017617087	-17.9224424339054	359.991121120219
298.687668550761	-18.0451409589546	0.00999256618001709
305.443462760885	-18.1593391648375	359.988255020619
312.204349007966	-18.2783539617861	0.00304603891470379
318.967609251908	-18.4029572853217	359.990153858654
325.741905578582	-18.5303430121141	0.150958634519128
332.503711766921	-18.6486009891109	0.0711358999671745
339.279503515258	-18.7646191414547	359.991043491378
346.067660797418	-18.8797954023156	359.942882382036
352.8586110434	-19.0051250902602	0.00372832550027624
359.643896806505	-19.1259269641393	359.955665858841
6.44575730574903	-19.2480572050908	359.969401493404
13.2502203448233	-19.3706623893162	0.0568526787054111
20.0560639509001	-19.4947992008105	359.9876778628
NaN	NaN	NaN
33.6853787946804	-19.7391503584309	0.0151959015119587
40.5043951943005	-19.8578926813989	359.94874854955
47.3360531431722	-19.9735007815359	0.0690242281399662
54.169089856361	-20.102308431047	359.971318021493
61.0042245094643	-20.2163498018683	359.923054567801
67.8456638086818	-20.3465968064095	359.984598587104
74.7032543856036	-20.4648193154242	359.988787872417
81.5536050599209	-20.5849808809021	359.965860829425
88.4213850914467	-20.7143611089282	359.993857922782
95.2843877223408	-20.8356442312663	0.00573772369250491
102.149258338809	-20.9549961347198	359.989490968231
109.026976177023	-21.0789817261554	359.97382942559
115.91567840011	-21.1958905895517	359.980146516063
122.802784326063	-21.3196240119964	359.961990066284
129.695029656452	-21.4446980075119	359.985559150103
136.600471869088	-21.5721478818529	0.00636906683536154
143.501802297052	-21.6907620434521	359.992262822427
150.41158362678	-21.8128574990135	0.00755143664139268
157.336470961827	-21.9398201499886	359.973676477144
164.252630793817	-22.0658634297818	359.993208122051
171.183638373503	-22.1817921823233	0.00295612159789016
178.118983829674	-22.3135436422216	359.943112115379
185.065753213564	-22.4308868903345	0.00112565037480294
192.008381436398	-22.5526869484034	0.00452393731146117
198.972249735125	-22.6821459345066	359.897328872108
205.932736357355	-22.8065085827625	0.00868582446045707
212.892770556421	-22.9282110057714	359.998974615482
219.863162155199	-23.0506978304233	359.973653059537
226.846463103025	-23.1747125734409	0.0223480999212313
233.830849961177	-23.3111375342101	359.916375089684
240.821296567117	-23.4294955317264	0.0276482646018792
247.825262049415	-23.5570675151543	359.994020063419
254.833180396597	-23.6797699373744	359.969743074436
261.853710270155	-23.8060937270779	359.99577522629
268.863721345689	-23.9262046223266	359.999165586985
275.890942511498	-24.0579645533152	359.989417928906
282.927084177042	-24.1809792987305	0.0199602085089907
289.975589502636	-24.3072001188774	0.00989575899600936
297.016053861059	-24.4289194597855	0.0149070433101883
304.070111584985	-24.5555583414358	0.000209341223268211
311.13932664568	-24.6844195999976	359.986338137483
318.197024664394	-24.8054461146809	0.00628470879885867
325.27782335322	-24.9341450269228	0.0166947020685768
332.361509251684	-25.0647791284623	359.995912724463
339.448821160394	-25.1893810115809	359.96546881978
346.542537261895	-25.3169069438897	0.011760305406824
353.652382543252	-25.4422863784135	359.98408401445
0.767204444080917	-25.5715538101494	0.0194961766527797
7.88897769059898	-25.7002279252888	0.0190132175377471
296.248840234629	59.9952983249339	306.962797153487
22.1528598502758	-25.9435862297492	0.0569230636332065
29.2919668851859	-26.0724690737409	0.0869970787549903
36.440784999704	-26.2038465258122	0.0139529395574982
43.6039819593238	-26.3269186954585	0.0428933968765079
50.7696928451429	-26.4566434539996	359.989920335352
57.9444744501891	-26.5846722044855	359.973011261454
65.1240339797633	-26.7187489833262	359.984770767101
72.3136931066529	-26.8390352599351	0.00819696561825367
79.5167539434372	-26.970135209187	359.96741819263
86.7206907197429	-27.1044032437789	0.00167723186544322
93.9395291920679	-27.2272366525319	0.0170757384271667
101.160029124068	-27.3502300236509	0.0506934018610536
108.400005432793	-27.4873456077487	359.94698816227
115.636641208697	-27.6182015517185	359.958345576968
122.883625626688	-27.7526867333437	0.0373788781408848
130.141527305322	-27.875447752688	0.0377904558786781
137.412055012215	-28.0011853859147	359.980031797764
144.692696274949	-28.1367314137054	359.990054953898
NaN	NaN	NaN
NaN	NaN	NaN
166.566705709848	-28.5207323365172	359.949691411075
173.878170239675	-28.6581365347733	359.97173169458
181.197103771261	-28.7877003838966	359.997418669149
188.521936768936	-28.9127954890542	0.0291300390169624
195.858076635202	-29.0450976012156	0.0114534490112703
203.206075130529	-29.1778983262843	359.917702486049
210.569782571841	-29.3092587760602	0.0250460844647193
217.942020411958	-29.4375871988591	359.998048375308
225.313465967597	-29.5731796643053	359.971513176238
232.693866679212	-29.7028822214213	0.0432994316266218
240.089524317625	-29.8314101206511	0.0470885230518547
247.505990403317	-29.9648122742079	359.920285567363
254.911323891746	-30.0976788240123	359.983781292799
262.342243459089	-30.2319400776699	0.0281495129544282
269.772911830886	-30.3687547259016	359.979082755859
277.219004622527	-30.4938933426872	0.015353757765439
284.675650047902	-30.6246760078265	359.960078034165
292.138161867442	-30.7635618117951	0.0367292503146928
299.619667125416	-30.901854368272	359.95211678121
307.100596834339	-31.0267518293398	359.995384196204
314.60089168818	-31.1635162698322	0.010346346899297
322.101603280051	-31.2972906872382	0.0190393815099696
329.624158196421	-31.4359686401995	0.00853152146351022
337.152308676424	-31.5611467245291	359.98327934236
344.699289660792	-31.7017721363077	359.973248768341
352.240869668299	-31.8393054587884	0.00228250986353373
NaN	NaN	NaN
NaN	NaN	NaN
NaN	NaN	NaN
NaN	NaN	NaN
30.160653588873	-32.5116016507202	0.0187871901951269
37.7814396575435	-32.6423357875824	359.976806737879
NaN	NaN	NaN
NaN	NaN	NaN
60.7124445200639	-33.0536804342813	359.969921536452
68.3730706308266	-33.1968721456532	0.0259076624745944
76.0561872794881	-33.3312916887441	359.99800328539
83.7440520488126	-33.470735967774	359.971779293314
91.4418112459489	-33.6053081793305	0.0509530370733557
99.1535186222353	-33.7427313779013	0.0256336117080025
106.89299927322	-33.8816580888792	359.934049062253
114.622833941419	-34.0166648982341	359.968493040838
122.377110096069	-34.1497214909429	0.0096068910131919
130.13865490356	-34.2972043241749	359.99966335415
137.91062240533	-34.4278770357516	359.992934729303
145.705014361321	-34.5739159257869	359.982604097153
153.514127586575	-34.7122142044784	359.971557855575
161.322310755336	-34.8578413694404	0.0784648950922247
169.15755240811	-34.9881342431982	359.984411531452
176.994293393996	-35.1276566420117	359.987674875311
NaN	NaN	NaN
192.724414220049	-35.4134940327111	359.964410415143
200.601696141053	-35.5511359402246	359.975397068746
208.497839036461	-35.6934894822219	0.0113238967410609
216.409581218619	-35.8337189358213	0.0308489195895163
224.345096733803	-35.9727003035576	0.00320809589072724
232.275889170731	-36.1198452373168	359.997157648082
240.234769735542	-36.2565871832927	359.982507806423
248.20088659076	-36.404315750345	0.0282094009493221
256.184741379501	-36.5429600579606	359.970404014519
264.177333702115	-36.6870131092376	359.911515336112
272.200457574167	-36.8265929380552	359.985380206729
280.223698894641	-36.9702633553882	359.996449145483
288.263535568493	-37.1163864859841	0.0102827554404996
296.32391880994	-37.2579880553046	359.995082792755
304.399998799148	-37.4093816732135	0.0860018195554915
312.486036330892	-37.551489446813	359.976550529117
320.587366446143	-37.6874927860804	0.0225446686535804
328.70388056244	-37.8397227686734	359.99838962341
336.843540059636	-37.9837093787032	0.0212843068857751
345.002778775969	-38.1292201256263	0.0167493072590048
353.170675867139	-38.2664533290987	0.0187913121666838
1.3520279482714	-38.4146348911235	359.969675345218
9.55369525055252	-38.5632885765693	0.0178439043335175
NaN	NaN	NaN
26.0102971560689	-38.853625198017	359.973236579726
34.2572944474652	-39.0035229323522	359.968875465771
42.5290262097987	-39.1524331586086	359.94018227845
50.8221805937078	-39.2935877066396	359.973154641955
59.1207122586121	-39.4481622132403	359.889649394352
67.4385975622073	-39.5919393233858	0.000685565729384052
75.784490937699	-39.7488963425755	0.0123623058249223
84.1388732053028	-39.8930321601267	359.985928569809
92.5155917041311	-40.0351768307718	0.0211976995452119
100.913459699694	-40.1955180009205	359.978923817641
109.318430575771	-40.3379043411968	0.0304458164907544
117.760672140834	-40.4924734437837	0.0239408754929684
126.220446057422	-40.6433715140272	0.0946995056672222
134.680311142758	-40.7927879666304	359.982466262054
143.170909802743	-40.9478366117648	359.983879490777
151.667852614628	-41.1018389221658	359.961281203656
160.201052007515	-41.2526312319344	359.984138240812
168.760475565676	-41.3968754679296	0.00184712629638284
177.326451897814	-41.5597946834709	0.0392944253322582
185.917762840154	-41.7041965706323	0.0185554316881564
194.521191855135	-41.8572979686285	359.958611947379
203.14538762028	-42.0166481630141	359.969720627643
211.796567412536	-42.1700610535473	0.00999895574625498
220.474325330692	-42.3240613579982	359.947556457908
229.174295760804	-42.4803669623167	0.00544422020755064
237.878583125491	-42.6332167945918	0.0386157148985546
246.619751958473	-42.7952932866528	359.999629923728
255.379841768032	-42.9448322104831	359.976456323198
264.155680414001	-43.1002540327768	359.942754200541
272.967379957998	-43.2604798002422	359.976152803536
281.796230481946	-43.4210556693671	0.0448147131001519
290.638556834756	-43.5784007506462	359.979488746414
299.506925184471	-43.7407110942478	0.0893848883336261
308.416647519478	-43.8903578711123	359.975910713487
317.337669688351	-44.046704980975	359.971636199149
326.279512732517	-44.2073169063483	359.965828143109
335.24259854839	-44.3697763912735	359.979109267398
344.229517068889	-44.5284157082264	0.0124167044125727
353.25346511981	-44.6916568721611	359.972422354759
2.29193350884948	-44.8488282491572	0.0206041502834466
11.3637026034696	-45.0133351916879	359.996707386049
20.4560781803889	-45.1805651370336	0.00112748156351472
29.5786311727904	-45.3366842142328	359.996001470763
38.7244827259201	-45.5013257862927	0.0521806063076156
47.8968342833129	-45.6676907084446	359.982071423296
57.1057313782221	-45.831280196165	359.943778335794
66.3268094751043	-45.9966111745898	0.00282648130178131
75.5842151585943	-46.1561855285438	0.00339837481158156
NaN	NaN	NaN
94.1746237991542	-46.4922221825593	0.0298502294645573
103.510025650557	-46.6568832925774	0.0180995223222737
112.873010893128	-46.8253336291771	0.0891330783780688
122.276903341493	-46.991090347507	0.029325041645194
131.709869596427	-47.1610885216162	359.952784301785
141.160094165145	-47.3332061443318	0.037879486849306
150.649339376536	-47.50017372793	0.0230874478503438
160.169249353984	-47.6645063761088	359.992956154207
169.719127895529	-47.8399523288955	359.973858997243
179.294878538713	-48.0113828777351	359.992224915626
188.903731058049	-48.1817134158177	0.0229417298755834
198.547411555846	-48.3538162903618	0.0383199900899456
208.219619189016	-48.5293396926223	359.987160434683
217.926419998589	-48.7004915557826	0.0402007038651107
227.675931072934	-48.8742715495775	0.106138506999002
237.449735872963	-49.0462002898852	359.993624562025
247.278231134912	-49.2181478573798	359.885903378873
257.111756184376	-49.3906426261044	359.981105117758
266.998802345959	-49.5770736847562	359.95976720237
276.909660250636	-49.7470462777052	359.98900749417
286.861128236641	-49.9252136930645	359.990118624073
NaN	NaN	NaN
306.88244076714	-50.2813331127957	0.0847732981323475
316.955001059621	-50.4681312603498	0.0102300708170731
327.061875077827	-50.6447407922759	359.997539291347
337.195223136924	-50.829475689841	0.0268743176892769
347.377038042545	-51.005165373124	0.0126845653153396
357.607143248426	-51.1898516370086	359.960507610878
7.85609347657882	-51.3714323154856	359.994972868691
18.1690157501122	-51.5524105844624	359.98802285111
28.5188897301645	-51.7409298519145	359.923380070087
38.9010596023964	-51.9290977452946	0.0243855492725515
NaN	NaN	NaN
59.8151768993303	-52.2954583073273	359.963080030701
70.325284177986	-52.4836905703539	359.955236750628
80.907657328658	-52.6755725167185	0.0192896331590759
91.4999870730733	-52.8612240684711	359.943896680881
102.166640826815	-53.0491928257473	359.983489642626
112.864122559663	-53.2423955042534	0.03699271270483
123.61248533233	-53.4385451936664	0.00999967230706034
134.417802330019	-53.6321959043558	359.988981275757
145.275811979586	-53.8194927312585	359.990161871247
156.176726246831	-54.0150659370776	359.99911590324
167.131324656602	-54.2168366395161	0.0476883199292786
178.132206320416	-54.4059442447007	0.047212623708532
189.18074099612	-54.6054560027119	359.996836584414
200.291323599296	-54.8022800412908	0.0449434901104553
211.464784131539	-54.9962712434087	0.039299782665239
222.688746569071	-55.2060309223562	0.0104773020812559
233.959151114341	-55.4019768203708	0.0254805056255236
245.301318504944	-55.6033447000742	0.0322967738007378
256.68684359073	-55.8136624876125	359.985542366747
268.139749973923	-56.0146178565837	359.98529869715
279.649964046456	-56.2231671296301	359.999561340209
291.237041403252	-56.4281794092127	0.0643032811369153
302.871967765077	-56.6309876412746	0.0515465720433497
314.577318822614	-56.838387128724	0.00435628040781921
326.355593457062	-57.0459476546763	0.00125980290900429
338.187597890595	-57.2616860200441	359.995293666376
350.092988609938	-57.4709982108155	359.968303072194
2.06277862500572	-57.6932664874303	0.00726488485224763
14.1134283152001	-57.9023096928942	0.0228037271675703
26.2344252116483	-58.121470086732	359.97753117004
38.428094865045	-58.3336978361453	359.997831958251
50.7065793626269	-58.5528354329378	0.0452833399954784
63.0316734670711	-58.7775378452488	0.0432326728910368
75.4449253542825	-58.9958748186934	0.0726879058111081
87.9583956469293	-59.2208590204303	0.00765726983465242
100.545631039994	-59.4458066428695	0.00794274317851773
113.21584201581	-59.6744091493069	0.00398342143006403
125.990798041699	-59.9055486836312	359.908097429488
138.817338920694	-60.1272189886863	359.972731474199
151.758915425176	-60.3557288728688	359.995841406837
164.78322875296	-60.5854625881441	359.849422257563
177.909056283585	-60.8239543408212	359.989336354195
191.130628313105	-61.0586155532536	0.00418711161162832
204.436246766927	-61.2974569748769	0.0196419280736677
217.865020479183	-61.5371461960343	0.0408260631188853
231.375630031225	-61.7807529729353	0.0582034652706511
245.001742402057	-62.0250872453391	0.027517800937801
258.738328385492	-62.2604075556015	359.993161036339
272.608935342866	-62.5080637252215	0.0372819319133839
286.550181479829	-62.7622463501059	359.97904039393
300.638776266897	-63.0139142919827	0.0342447238656973
314.85326271693	-63.2654589824527	0.00242439158381558
329.172377317515	-63.5211086870679	359.973322186195
343.646518996514	-63.7764471845026	359.992825297762
358.246374077949	-64.0402555834166	0.0363394526034995
12.9852421531706	-64.3058360493814	359.966603627961
27.8556957854301	-64.5683169900961	0.0240655985833484
42.8948873872066	-64.8396645750958	0.0658831077648188
58.0603678086331	-65.0996416426595	359.910150109842
73.3812538730332	-65.3765360741316	0.00645613479005647
88.8781929465711	-65.654449292849	0.00111599450804079
104.53562763717	-65.9312015622004	359.974186001643
120.377946726867	-66.2154372651714	359.990105806879
136.382379590839	-66.5095444256486	0.0209616725471165
152.595850131344	-66.7915539359538	359.939405104258
168.954207885509	-67.085938028489	0.077015478326274
185.543397932063	-67.3899180469269	0.0894175893909051
202.329665873398	-67.6810794530203	0.0466683531775232
219.376769824051	-67.9803115105953	359.932067417564
236.607296063873	-68.2942940740947	359.94426380483
254.088790338261	-68.5997188750626	359.972900624699
271.754051448758	-68.9156356211575	0.157025634201631
289.781630833618	-69.2410801214986	359.964530552964
308.038057601513	-69.5645731430893	359.945814075259
326.531425775384	-69.8938122617537	0.0467400004982323
345.359550686916	-70.2290454696544	359.998686800518
4.50564365111573	-70.5750223380836	359.99887925218
23.9712542205203	-70.9220791836034	0.0250503042185244
43.782251558789	-71.2700613117321	0.0325302427708607
63.9771382415801	-71.6325209129716	359.985022417457
84.5406791416005	-71.994190618583	0.0326109348532668
105.523175233331	-72.3740751711156	0.0514238599037355
126.955716309571	-72.7584389623118	359.989894228686
148.833918956032	-73.1458452222906	0.0689763655245486
171.260807155179	-73.5443680205324	359.978734683875
194.169316891944	-73.9527462510513	359.999955684805
217.681309664408	-74.3772439584327	0.0120904071465588
241.875646374118	-74.808297165152	0.0312663779263289
266.725822447916	-75.2432991742475	359.974490282976
292.327464581641	-75.7034694819798	359.97757406072
318.72013171633	-76.1715914777192	0.0033862052021334
346.052097443444	-76.6605216078211	0.0280354014709872
14.4158874140427	-77.16972477065	0.023695187747677
43.9382840444893	-77.6940269143308	359.972517699104
NaN	NaN	NaN
107.024075775526	-78.8271534616859	359.956547303112
141.021940477742	-79.4209433208163	0.00191506769624539
177.109928256407	-80.0653566892975	359.917305328886
215.649928781425	-80.7571818022709	359.96137946479
257.257166367297	-81.4981616019386	359.957819228552
302.882157375272	-82.3153243346597	359.938972044897
353.861634133569	-83.2250206933014	359.96168995039
52.7542880744192	-84.2710916415089	0.0216652878181662
125.212067283703	-85.5665107646078	0.00381544849605575
230.411819709981	-87.4362389526299	359.987705678363
