0.183438086547909	-0.00710517697985448	-0.0380654596488081	0.982268296162231
0.431738155412715	-0.0216350930283155	0.0450840800194284	-0.90061174411579
0.818539475483071	-0.0485099235911324	0.033804694881381	-0.571399297333361
0.984238766215586	-0.0661297510286011	0.0109177508553335	-0.163651183385814
0.97017776391967	-0.072088558609229	-0.0171542715265774	0.230790114783684
0.82448790429261	-0.0666294283659006	-0.0452383047511691	0.560119371861082
0.59296914096798	-0.051539798743769	-0.0695186315455744	0.800561307379503
0.315832067550751	-0.0292077677946406	-0.0873790504639042	0.944331463495259
0.025922100448886	-0.00255967138768289	-0.0974195425400148	0.994902470356768
0.251775362260585	-0.0258768273943641	0.099067065839323	-0.962354026971645
0.497837059206402	-0.0536834143624282	0.0927629865993481	-0.860622670989025
0.700281496452691	-0.0787659173050008	0.0792883202128235	-0.705063910773279
0.851165126797964	-0.0995204119306615	0.0598470527623064	-0.511890559404863
0.947455437315167	-0.114913102766624	0.0358670429652123	-0.296372617398107
0.989661071133004	-0.12412078910294	0.00899738875365018	-0.0713024613316776
NaN	NaN	NaN	NaN
0.924947739090177	-0.123375499056722	-0.0475596641893097	0.356354099915624
0.829227485332008	-0.113792298424433	-0.0742904897110491	0.542138371200317
0.701074354782461	-0.0988312567654805	-0.0985387778491268	0.699297676967765
0.547819986095729	-0.0792310453931815	-0.119153548079026	0.824268242904067
0.376912489743632	-0.055938204965363	-0.1354801661733	0.914578054008604
0.196547786484476	-0.0297879327226479	-0.146921120525348	0.968966372499964
0.0130085222717357	-0.00198816938354991	-0.153186342658057	0.988109695304047
0.167106541841516	-0.0264860121953824	0.154197187772074	-0.973446003697657
0.338294313958979	-0.0546274569005	0.149984832475964	-0.927403551924816
0.495049817978774	-0.0816739365991763	0.140765762024974	-0.853486992309259
0.634089252810142	-0.106623899997338	0.126958221284806	-0.755277282505063
0.752267914760206	-0.128826344872162	0.109040403326564	-0.636872787714776
0.847215669370216	-0.147709402999926	0.0875814612379333	-0.502729578885518
0.91752507271897	-0.162694740301948	0.0632013075358102	-0.357328640240177
0.962687664575064	-0.173481287341968	0.0368557023722097	-0.204397555317653
0.982390990115795	-0.179948027314716	0.00899076356588834	-0.0494551936135322
NaN	NaN	NaN	NaN
0.949209754172599	-0.179329654956265	-0.0479534041090338	0.254051546878219
0.89924849455793	-0.17241579435706	-0.0757479153568952	0.394825521225016
0.829395626457697	-0.161315947552325	-0.102150373774824	0.525019391085514
0.742545761844045	-0.146347973500344	-0.126630551784873	0.641227545863751
0.640572250321127	-0.127973106563109	-0.148614169485949	0.742431077436226
0.526052224068806	-0.106628632524241	-0.167567749503196	0.826934363540848
0.402589377299012	-0.0827462791900913	-0.183348648485993	0.893005106180558
0.272839596642304	-0.0567085002069434	-0.195548221032966	0.940267830864795
0.139294961451989	-0.0292732855831683	-0.204017167778358	0.968564393170094
0.00442378448601182	-0.000935517580084317	-0.208491216278069	0.978013787056486
0.128877288066615	-0.0278191209140669	0.208983982246085	-0.968990421158399
0.258587173520484	-0.0562187881596887	0.205651174784651	-0.942167562516475
0.380883656813425	-0.0842925754148141	0.198340613306294	-0.899157051251701
0.496570568843479	-0.110706586913548	0.18758801319132	-0.8402216725837
0.602172431885284	-0.135606954608873	0.173320084381827	-0.767436814655739
0.695615962768013	-0.158702498440331	0.155804869688094	-0.68312282344583
0.777021833514072	-0.179098319615736	0.135496166649549	-0.588049020895816
0.845139231523028	-0.196754498631869	0.11280582175077	-0.484047717883188
0.89870583887749	-0.211506733682038	0.0878690899530724	-0.373994304509416
0.9378699737438	-0.222843502746165	0.0613965131374707	-0.258787854831295
0.962244286532005	-0.230840825266209	0.0338081665357501	-0.140197911191354
0.971652828702458	-0.23538673938159	0.00526488532734159	-0.0213575368501326
0.966544855299443	-0.236368485499579	-0.0236194546491778	0.0967631289225898
0.947384626293376	-0.233822594511888	-0.0524863101416082	0.212213457175571
0.914444153373818	-0.227892738574476	-0.0806611536772961	0.324577522870753
0.869258706780187	-0.218532989284274	-0.108146508635226	0.430042981516182
0.812101339113096	-0.205994987666848	-0.134186801703851	0.529198811710063
0.744266593591798	-0.190437026319546	-0.158633576299155	0.620190587755386
0.667221354276355	-0.172110918462575	-0.181145017470972	0.701697925598356
0.581767969292445	-0.15130915598948	-0.201330108373289	0.773380732034033
0.4889529701626	-0.128403619938324	-0.218904065146648	0.834576847041768
NaN	NaN	NaN	NaN
0.28914219515224	-0.0770023542202917	-0.245958046167309	0.921939297325283
0.184160937825914	-0.0493277306455836	-0.254957479918813	0.947970573067479
0.077437610796477	-0.0209847609632242	-0.260747895780566	0.962067352677273
0.0292151665334678	-0.00801322865347604	0.263371235826084	-0.964218779297733
0.134791879788512	-0.0370687347459412	0.262790600530661	-0.954671754227676
0.23774189493643	-0.0659753992351168	0.259018892222631	-0.933828277339878
0.336981584388516	-0.0942708041698859	0.252087412475151	-0.902224120568582
0.431879042532962	-0.12169494793358	0.242119212142758	-0.860261076289998
0.521536960092189	-0.14767796236595	0.22935708514396	-0.808446501744862
0.603641891747281	-0.172465986975927	0.213712498327911	-0.748464373181934
0.679046621063625	-0.195293267645027	0.195613619189731	-0.680067304038428
0.746401308532416	-0.216131058500714	0.175277490967519	-0.604524816142885
0.804872010412813	-0.234759243305019	0.152684242897443	-0.523217609133834
0.854348044650316	-0.25090072587243	0.128302134881806	-0.436665554565092
0.894165071201006	-0.264507903839157	0.102291778542389	-0.346469026455973
0.924576929996485	-0.275225303940434	0.0752206949003344	-0.252488375272765
0.945035697023517	-0.28318696088891	0.0470872074253846	-0.156510291772323
0.955504919664109	-0.288214434742178	0.0181967792976353	-0.0600971324367902
0.956168559561072	-0.290347040913579	-0.0110970052856452	0.0362923960813181
0.947169196506355	-0.289420461091047	-0.0403930467300506	0.132191950084773
0.928679843909745	-0.285670410308487	-0.0694231898024979	0.226111885816733
0.901389583449932	-0.27887651068817	-0.0981503599852147	0.316371960624076
0.865008479520424	-0.269449312305558	-0.125778799967212	0.404149838469143
0.820706821644221	-0.257238653665299	-0.152515822141159	0.486834172962119
0.768934000370207	-0.242368289270193	-0.177953406009575	0.564208029649084
0.709831258300321	-0.225160204185818	-0.201754742834956	0.636189823035848
0.644596176764449	-0.205677485889217	-0.223901163181643	0.701470462546252
0.573752069597628	-0.184140504986559	-0.243961243533191	0.759857716095239
0.497210185821731	-0.161057793515107	-0.261684938287431	0.811395964579975
0.41811634003023	-0.135771141934266	-0.277462565570127	0.854259590478698
0.334910096634374	-0.109327071547256	-0.290607284907391	0.889623642085803
0.249412038450444	-0.0817078474326584	-0.30119182992651	0.916733845960449
0.161421890454523	-0.0533894753691168	-0.309072787445195	0.935717131008488
0.0731358003581038	-0.0242520419014925	-0.314388999136591	0.946162010646951
0.0156862641435773	-0.00501535247188651	0.316832085795189	-0.948338661432439
0.103596078227745	-0.0346434919133362	0.316561480934098	-0.942261380845407
0.189630868179819	-0.0642551351757826	0.313475709999813	-0.928248022177814
0.274714722508405	-0.0930448728311208	0.307813239111003	-0.906159744584233
0.356188525969867	-0.121568242744799	0.299331331454991	-0.876784836965568
0.434511607928629	-0.14911006958549	0.288402186576525	-0.840113104588523
0.508853454770116	-0.175522182026232	0.274967426763072	-0.796651140339711
0.578484495952927	-0.200648884738976	0.259062444235319	-0.746982170457846
0.643289472573558	-0.224145302810564	0.241113529123016	-0.691232091108217
0.701784922171249	-0.24624092805411	0.220777244753886	-0.630968094726688
0.7554097152793	-0.266043693890131	0.198993872544487	-0.564781686753997
0.802287820330188	-0.284005956596426	0.175246632366266	-0.494937862576575
0.842386586520468	-0.299834507436524	0.149965212765402	-0.421893993748333
0.876183688995973	-0.313205251005957	0.123689916158999	-0.34482664995659
0.902593665241902	-0.324283105379721	0.0959852051525634	-0.266368135148134
0.921922308070108	-0.332947919284013	0.0673705414106407	-0.186188482665195
NaN	NaN	NaN	NaN
0.93918665622287	-0.342492265704918	0.00839144940933864	-0.0236020397852992
0.937144255010917	-0.343418247562823	-0.0214445006345731	0.0580059129179586
0.92808556572712	-0.341713773761486	-0.051193946147625	0.138809435516788
0.912178739266985	-0.337404275429108	-0.0807610172425962	0.218096218778303
0.889720653961646	-0.330514800614489	-0.11008505793017	0.295022718632543
0.860500791954761	-0.321324890228425	-0.138352126670838	0.370334161279481
0.825245282663893	-0.30968820842347	-0.165752819827874	0.442254948783573
0.78432676983056	-0.295623259711727	-0.192302272231441	0.510351097323399
NaN	NaN	NaN	NaN
0.686452055320143	-0.261052279816995	-0.241273577763144	0.634367672270957
0.630163751928694	-0.240934672338806	-0.263310172082059	0.689573696350332
0.570115789336007	-0.218733635259178	-0.283785525719606	0.739316819062121
0.506475250103723	-0.194934635932672	-0.302266007187589	0.783657176094904
0.438605849685807	-0.169956815817132	-0.318509044176763	0.822977264665494
0.368919947044334	-0.143400199696057	-0.332920897467238	0.855861046799973
0.295769610736467	-0.116282744759531	-0.344755723442575	0.88325656056979
0.222755176701297	-0.0873423518250403	-0.354639624758446	0.903870666291164
0.147571146608801	-0.0581034640146016	-0.361970807460134	0.918598867136644
0.0717736197909405	-0.0284294614774033	-0.366806914407155	0.927088453582134
0.00401225977939305	-0.00172489836036427	0.369237597070964	-0.929324767455581
0.0798068632517655	-0.0318265148822824	0.369234436238978	-0.925356076666515
0.154854156363723	-0.0617719827906226	0.36681539531188	-0.915232690719242
0.227616666455537	-0.0918762228271197	0.361791305466214	-0.89936447790634
0.29945856803541	-0.121069163917981	0.354525348851464	-0.877484245214768
0.368540231154377	-0.149887753656352	0.344823294860885	-0.850181542169562
0.435704233660156	-0.177515131453143	0.332946631426204	-0.817188313363409
0.498895933161447	-0.204448106640283	0.318679659550627	-0.779581358265363
0.559641610529662	-0.229806615476772	0.302541602120928	-0.736518001295949
0.615693879232629	-0.25411506513236	0.284218588954592	-0.689613206399728
0.668208591923	-0.276815764713417	0.264105053019826	-0.638058642332977
0.716393761942441	-0.297652056742605	0.242390396130893	-0.582606322339848
0.759408571076472	-0.316996889915291	0.218721983843782	-0.524378000819127
0.797797302210963	-0.334392468102854	0.193815793189897	-0.462748938595393
0.831163525829113	-0.349686344900782	0.167493517847825	-0.398538047117472
0.859150066741509	-0.3629175806548	0.140007731010292	-0.332490342306475
0.882101043800061	-0.373944109958901	0.111931901420366	-0.263694521365746
0.899450700298136	-0.38271906041842	0.082836600560994	-0.194042923429669
0.911236592658626	-0.389292619995832	0.0530458013312876	-0.123633616697882
0.917537991403362	-0.39345055823749	0.0227097829426579	-0.0529618571501155
0.918333288158252	-0.395343426885564	-0.00794863299667027	0.0174460858737987
0.913679573441712	-0.394837459982325	-0.0382575465342541	0.0884837691515044
0.903694625774721	-0.391932952224069	-0.068734898891771	0.158114192851722
0.888377852190562	-0.386816219641303	-0.0988171603924882	0.226700623668442
0.86794725680249	-0.379284015168012	-0.128456547491451	0.293785824459999
0.842599979791159	-0.369475399420384	-0.157456650289122	0.358776541260455
0.8123225576093	-0.357629999487993	-0.185561823497731	0.421662964374985
0.777639069501666	-0.34354169820555	-0.212887998807365	0.481596593782001
0.738524990193792	-0.327481555782127	-0.238972410316726	0.53872892681681
0.695453695994801	-0.309436357959262	-0.263830059716117	0.592441555505914
0.648131661715786	-0.289760305824806	-0.287042889149821	0.643094622927585
0.598056119465427	-0.268048109907856	-0.309049823225097	0.689178710864836
0.544698551699022	-0.244686952489129	-0.32930010630797	0.731432309270058
0.487704747674848	-0.220349703854404	-0.347550347927176	0.769934310680066
0.42893058402741	-0.194305603292026	-0.364086395360617	0.803557703795153
0.367913510829683	-0.167096767486987	-0.378701475998759	0.832648491814366
0.305301027498237	-0.138749774479522	-0.391195406046148	0.857033218130308
0.240265777165154	-0.110057256908133	-0.401547234152593	0.876880593507169
0.175305197829049	-0.0801633973620008	-0.409765987854452	0.891590574498836
0.108776574975586	-0.0499816446353601	-0.415740191147569	0.901570621416153
0.0415128746060103	-0.0196302445225214	-0.419433260859681	0.906623998373387
0.0249499359802977	-0.011351122809217	0.420948893303487	-0.906670106451138
0.0906137710413587	-0.0424891880601204	0.420120405484388	-0.901932734903934
0.156447827539702	-0.0730718502235951	0.417152317693208	-0.892282761127992
0.221205853250167	-0.103488881192229	0.411850668078858	-0.877916311023121
0.284204468127249	-0.133526179368713	0.404359127632094	-0.859006563199789
0.345116521195831	-0.16319203247359	0.394562530528432	-0.835812991546451
0.404741487411343	-0.191752704398445	0.382801120036365	-0.808008992043307
0.461933050110288	-0.219417030907259	0.369009157509094	-0.776083929377537
0.516353721162421	-0.246102983634572	0.353199394310996	-0.740312328646652
0.567926514488296	-0.271654093650049	0.335462138170745	-0.7008057372755
0.616417389945467	-0.295780507906042	0.31593360039916	-0.657821748389703
0.661615347615572	-0.31853610921098	0.294701078342485	-0.611515456347617
0.703194443455194	-0.339678383201666	0.271936653489744	-0.562304745816751
0.740865946099573	-0.359231652105479	0.247461254868413	-0.510718315096006
0.774830815744436	-0.377003947049208	0.22178802552473	-0.456415712499001
0.805038822198355	-0.39275051928488	0.195155218061763	-0.399467101546807
0.830768153193268	-0.406640031513216	0.167100536440554	-0.341387713797754
0.85235344421515	-0.41849979664867	0.138363833401071	-0.281437339289145
0.86948618560425	-0.428394041665106	0.108582367878517	-0.220640403133927
0.882405499875735	-0.436067786828927	0.0784171682005013	-0.158291398409992
0.890751651833147	-0.441668962851147	0.0475134092344675	-0.0960858884198436
0.894776870425094	-0.444987870803408	0.0165341353825543	-0.0329661850579512
0.89431483791174	-0.44619046745582	-0.0147113626388414	0.0299768786194229
0.88951985989479	-0.445143541704151	-0.0461944364810074	0.0920202160942922
0.880320548462781	-0.441918889639175	-0.077238351207176	0.154200077941173
0.867003024811315	-0.436531045283272	-0.108507965423555	0.214411806838067
0.84938508897697	-0.429001787191493	-0.138795446134125	0.274295937524635
0.827728985986238	-0.419343949630604	-0.168595710590214	0.332552047109892
0.802091613759504	-0.407666300145633	-0.197653467908538	0.38908911252562
0.772637899568666	-0.394031009416133	-0.225965692801524	0.443519723851544
0.739455080723883	-0.378492279650178	-0.25312317614278	0.495861306754458
0.703534069284324	-0.360785635003288	-0.279535809189217	0.544732292334909
0.663579954960582	-0.341608187249408	-0.304289472367752	0.591923480514872
0.621214529635714	-0.320528347006273	-0.327925596019101	0.635467458183677
0.575927415221065	-0.297936439618324	-0.350042515511084	0.676026425281595
0.527882650049413	-0.273892436107906	-0.370455673178644	0.7135022322526
0.477523958393231	-0.248516052506677	-0.389287304687759	0.747439653226867
0.425256552430259	-0.221760787189188	-0.406371704788424	0.777715279152797
NaN	NaN	NaN	NaN
0.314913954246178	-0.165398423100506	-0.434641874487991	0.827380809542056
0.257495203661225	-0.135968598781618	-0.445840422882536	0.84642488004592
0.200119206451251	-0.105362815332148	-0.455187878133363	0.861193924708629
0.141194288648213	-0.0744947651519842	-0.462316090251913	0.872226195153677
0.0815874915196884	-0.0432700403630037	-0.467357444922908	0.879231598334387
0.0225884507836071	-0.0113870328520178	-0.470201135712589	0.882196684049886
0.0376386723536868	-0.019958242137287	0.471049192404236	-0.881077554616822
0.0964453753152551	-0.0518752749777999	0.469684312052657	-0.876015920196602
0.155408100157309	-0.0831874613378216	0.466238590959418	-0.866919687734591
0.213778514218619	-0.114235713635599	0.460741696632391	-0.853795079379678
0.268929536099239	-0.145767260621582	0.452800737028629	-0.837496449479434
0.324385464407527	-0.17599086955284	0.443053736596845	-0.817009590398253
0.378029167471301	-0.205585268225582	0.431296885705961	-0.792976445053641
0.429712395532558	-0.234335974752939	0.417536186225384	-0.765570010681337
0.47975080400033	-0.262019005596126	0.402026722987054	-0.734547289676944
0.526797712424543	-0.288990054374478	0.384420659252754	-0.70084925297569
0.571960979497026	-0.314333241619328	0.365317143887302	-0.663776043201253
0.614206013053146	-0.338671318178442	0.344357941085037	-0.624075572494477
0.653635054062951	-0.36154357638736	0.321861023352647	-0.581767084080517
0.690103703551816	-0.382843880300884	0.29784565037236	-0.537099069273533
0.723529628262805	-0.402435674285357	0.272544135399068	-0.490173540032458
0.753493424780908	-0.420586125150131	0.245686080236594	-0.441580479778166
0.78070567032508	-0.436585464646686	0.218330150366214	-0.390158600856846
0.80415060860588	-0.450860150046664	0.189616922799431	-0.337805189964227
0.824037991790231	-0.463282319677512	0.160055741645906	-0.2841004046578
0.840129154462587	-0.473868083687862	0.129248923809393	-0.230058163902275
0.852860406236431	-0.482287123832226	0.0983938552515176	-0.174203636324311
0.861850111400047	-0.48868794585847	0.0668252420422663	-0.11803755367826
0.867175204310431	-0.492962134674264	0.0350533583476959	-0.0613739429652516
0.868746759023323	-0.495226122726814	0.00305337787561443	-0.00456431144735325
0.866630770376014	-0.49539929013896	-0.0293885665855978	0.0516426502160205
0.860935741672663	-0.493360711466548	-0.0617186240232963	0.107590280882776
0.851561637160127	-0.489370625048877	-0.0937990218656313	0.162975191220893
0.838634077565001	-0.483229622090638	-0.125432525514297	0.217827220117102
0.822354197006715	-0.474989930984773	-0.156920656425616	0.271097856346148
NaN	NaN	NaN	NaN
0.779516647248272	-0.452614374825969	-0.217655048923117	0.37432646719406
0.753217432686916	-0.438562696235586	-0.246801535848476	0.423574388354558
0.723876824614577	-0.422647797092285	-0.274899593315119	0.470957955654363
0.691609577587947	-0.404954782183984	-0.302126177338789	0.516146868189272
NaN	NaN	NaN	NaN
0.619332807291647	-0.364181248449178	-0.353012524948734	0.599317152532417
0.579455762145009	-0.341418220390765	-0.376370571052092	0.637188992174278
0.536824986375213	-0.317523208036366	-0.398005737952694	0.672747633900171
0.49246199031612	-0.291988548136142	-0.418246831744307	0.70519037400342
0.446107242097015	-0.265329544520506	-0.436893728646573	0.734651231008586
0.398090805238086	-0.237415825286533	-0.453769784503452	0.76108502768094
0.349381386456683	-0.208065406438044	-0.468967856193265	0.784034810004549
0.29789226145043	-0.178608982371828	-0.482012674173905	0.804377283319072
0.24569124180143	-0.148197786642293	-0.493225933453417	0.821219464154012
0.193401964781786	-0.116668548130682	-0.502578032797326	0.834505512771002
0.140537067059485	-0.0844850934185586	-0.510000149978663	0.844400052578229
0.0866447776724359	-0.0522624672771244	-0.515262729345812	0.851037976099366
0.0326503559951251	-0.019753881258786	-0.518525059073829	0.854210455064259
0.0214145811233949	-0.0129564111228569	0.519656182922004	-0.854008781381701
0.0749784129485131	-0.0458230821842382	0.518778000151187	-0.850381014187166
0.128440839653226	-0.0784370175612556	0.515846383027944	-0.843358224067482
0.181304019413811	-0.110728277919208	0.51086456078206	-0.832997900087627
0.232892074504957	-0.142953112158146	0.503757935494559	-0.819483759316399
0.283865613812302	-0.174472197498823	0.494754045771233	-0.802619585973264
0.333033863460907	-0.205636647443111	0.48370286096246	-0.782836865070489
0.381613192726586	-0.23562920581451	0.470904600868851	-0.759670392594574
0.427893672265467	-0.265187348424009	0.4559783482367	-0.733938976625678
0.472277047207805	-0.293890650921452	0.439172143810657	-0.705486005589334
0.514730873684216	-0.32140895827334	0.420613143600514	-0.674413072714656
0.555375464974759	-0.347549264616729	0.400551937246202	-0.64056673901847
0.594243698454592	-0.372168188942798	0.379042132898661	-0.603897613402868
0.629913279806128	-0.395920532569052	0.355603354421279	-0.565687587046471
0.663259789129479	-0.418005170536029	0.33089310650643	-0.525231264868714
0.694349104930509	-0.438378779558878	0.305029913277278	-0.482348544229923
0.722253843791397	-0.457290791344871	0.277641247264486	-0.438349010603599
0.74775934090387	-0.474260361591196	0.249572265823953	-0.391978011686748
0.769741527363739	-0.489786841337474	0.219782342225599	-0.345402016714187
0.789081851919796	-0.503290453349797	0.189552083119378	-0.296847702236155
0.805345819981117	-0.514898085005518	0.158421801624651	-0.247387560452404
0.818507232527218	-0.524560926936099	0.126575959524681	-0.197130085737772
0.828507633185874	-0.532270873845055	0.0942493191027551	-0.146218618710584
0.835347316046784	-0.537986397929695	0.0613501427017133	-0.0948770636484214
0.839002714926666	-0.54166630546267	0.0282942046627132	-0.043260788881028
0.839483836864949	-0.543301469968537	-0.00546032450183717	0.00778365138381113
0.836803076315119	-0.542893816982561	-0.0386475182250984	0.0594414357725146
0.831036643536733	-0.54037527728736	-0.0721193806136712	0.110324302561635
0.82213447273318	-0.535845739241793	-0.105183354638698	0.160936988871738
0.81007452533579	-0.529348664065643	-0.137779821296628	0.211153915657237
0.795159887580639	-0.520778064901835	-0.170213490502123	0.259881372843322
0.777288661881695	-0.510287107775781	-0.202097286718021	0.307548517228108
0.756593337577106	-0.497745185743102	-0.233333148374887	0.354078936782411
0.732857674731046	-0.483576301039847	-0.263428366674228	0.399598655267723
0.706761692969313	-0.467327374513845	-0.292968557924396	0.443015189862432
0.677898850858546	-0.449501240122205	-0.321216011935186	0.484996965773722
0.647080091185475	-0.429615851868863	-0.348775171915307	0.524474455879252
NaN	NaN	NaN	NaN
0.577434468371229	-0.385734233666208	-0.399234993385716	0.598656792971638
0.539864383587585	-0.361306576732922	-0.422643974151367	0.631962084350535
0.500241837023896	-0.335684850411101	-0.444441853937631	0.662982069262748
0.459110432369252	-0.308462016534314	-0.464816421823207	0.691385919186075
0.416162765913646	-0.280302772761583	-0.483368068229486	0.717352227615812
0.371547123106112	-0.25118738728401	-0.500089350278823	0.740788953426487
0.32644126974321	-0.220608917535534	-0.515282494061493	0.7610859046297
0.279342517866614	-0.189721782080082	-0.528370533237058	0.77897238893499
0.231798290378744	-0.1577039490028	-0.539743275256003	0.793773402087987
0.184102257023765	-0.12461518865963	-0.549262726092936	0.805535766703774
0.134605251707013	-0.092055467345554	-0.556526325678714	0.814669053033951
0.085261534210605	-0.0585988208132136	-0.561932354542864	0.820687929667098
0.0358524602042302	-0.024771374705969	-0.565324673611074	0.823716573524543
0.0134447891345403	-0.00928434440656401	0.566628809102305	-0.823811162396682
0.0625432863998903	-0.0434138414723347	0.565949593846724	-0.820916946420066
0.111914612269816	-0.0770350846225743	0.563243150783954	-0.815044703309367
0.160317363351104	-0.110814437053825	0.558481453681674	-0.80629831293523
0.207897540278564	-0.144405875083782	0.551668499927951	-0.7947247461698
0.255076571075839	-0.177180961677883	0.542964633226239	-0.780212956039945
0.30054071638068	-0.209889918126081	0.532067852219748	-0.763233450983825
0.345390765304428	-0.241494963196261	0.519470033648803	-0.743327845660426
NaN	NaN	NaN	NaN
NaN	NaN	NaN	NaN
0.47118055882766	-0.331439185704219	0.470445305203284	-0.668444584071685
0.509589990956291	-0.35941887909652	0.450504259913222	-0.638891244474526
0.545872563855263	-0.386363648326191	0.428805408132523	-0.607348497354243
0.5809506274754	-0.411506529631829	0.405939862951827	-0.573037147288864
0.613529659100567	-0.435485974965149	0.38145778446283	-0.537050539228205
0.64391113067936	-0.457943154329315	0.355622537679452	-0.499198491468646
0.671398673841705	-0.47920677263773	0.327946201310649	-0.46047364622489
0.696944963326751	-0.498526742549571	0.29940180412242	-0.41963956527552
0.720221003411033	-0.515963421038957	0.270097980533145	-0.376975510222211
0.740784953079421	-0.531729992945366	0.239602924929482	-0.333303624730783
0.758413794229737	-0.5459034034713	0.20774066779217	-0.289208930957827
0.773219415211506	-0.55818625994751	0.174690694855701	-0.245036724342739
0.785906006609166	-0.568257960089695	0.142081651624386	-0.198109676295781
0.795820195165484	-0.576381173815021	0.109277242721757	-0.150044805513283
0.80260654672903	-0.582687241998016	0.0748970096507023	-0.103386397102469
0.806698142424837	-0.58693445671937	0.0407593388018732	-0.0555403171064888
0.807941182012029	-0.589175287070693	0.0060100857724542	-0.00821013904747058
0.8064007867819	-0.589367050704563	-0.0286137285849697	0.0393129133721105
0.802126138969447	-0.587460671701943	-0.0634527077224756	0.0863560667709897
0.794976722660857	-0.583636997278318	-0.0975044104498382	0.133689026394021
0.785273611818183	-0.577651730359694	-0.13217012427339	0.17942934889263
NaN	NaN	NaN	NaN
NaN	NaN	NaN	NaN
0.740009971416037	-0.547922841029487	-0.232222344108724	0.313430351720539
0.719792143800994	-0.534206045791142	-0.26417955269738	0.355994851506554
0.6970350410448	-0.518724301358283	-0.295047778116327	0.397509822978821
0.672306393131286	-0.501113954273325	-0.32569151991288	0.436822564028223
0.645043372872584	-0.481994622712002	-0.354689213839372	0.475179747438676
0.615911421634251	-0.460967449501916	-0.382936511382652	0.511391982191995
0.584677089927719	-0.438382107018615	-0.409856602115703	0.545885880438159
0.551139856670248	-0.414482944879893	-0.435141104159879	0.578879060135804
0.515968706821806	-0.389062423112378	-0.459150512156483	0.609579799278977
0.479288084544591	-0.362116082717628	-0.481701819987795	0.638058172325426
0.440899623759065	-0.333998331005068	-0.502595245798998	0.66441753104143
0.40137947828001	-0.304433871468266	-0.521978566998912	0.688297107296168
0.360454097633718	-0.274024506229631	-0.539500663545613	0.709874952029237
0.318369471160317	-0.242495225669098	-0.555299893029554	0.729026044913459
0.275543137779778	-0.209931243062127	-0.56927809203736	0.745605328800142
0.231773769853167	-0.176642797849073	-0.581320970207085	0.759700053424768
0.186522786295567	-0.143377995021235	-0.591212227505066	0.771440278171114
0.141285827652359	-0.109052712030497	-0.599370445145713	0.780321017523692
0.0959885242584197	-0.0741004050475454	-0.60550674207151	0.786547467409581
0.0503571145956438	-0.038851370908598	-0.609568902244668	0.7901775024666
0.0044718853312675	-0.00357869859329091	-0.611664190033627	0.791096779027996
0.0411800009987811	-0.0318980148890033	0.611609920150039	-0.789442860337557
0.0866020807808355	-0.0673955913123628	0.609600850695597	-0.785076248976678
0.131723945461733	-0.102643552922549	0.605470950346375	-0.778150391326823
0.176856148822973	-0.137101118878379	0.599463652318938	-0.76848455766804
0.220200044296588	-0.172219854870689	0.59114273936336	-0.756572880678446
0.263504660968977	-0.206039270111827	0.581111873714925	-0.741904375945404
0.305529846008592	-0.239628047907592	0.56892434342657	-0.724951724813873
0.346453673175796	-0.272404727386551	0.554926153410158	-0.705565362742434
NaN	NaN	NaN	NaN
0.424728783278633	-0.335149586041586	0.5213340036812	-0.659917473807549
0.461432001601005	-0.365273306220958	0.501677714886279	-0.634015291651063
0.496820391022801	-0.393934487735249	0.480576985534513	-0.605830734951008
0.530272805425863	-0.421545380186819	0.457568038448219	-0.575970254839245
0.562056072346969	-0.447682816162387	0.433197990329335	-0.544070371207105
NaN	NaN	NaN	NaN
NaN	NaN	NaN	NaN
0.645426086978331	-0.517313322846284	0.351394781066652	-0.438558776098138
0.668925615775122	-0.537352434915897	0.321502728843742	-0.400533240313283
0.690326984207479	-0.55550545341486	0.290709235389545	-0.361040837801743
0.709286351295204	-0.57202218553221	0.258728971554858	-0.320566390009082
0.725818844643887	-0.586677578153343	0.225594840725767	-0.279469840751837
0.740103617378418	-0.599285517720325	0.192204551584157	-0.236982940618932
0.751715005805782	-0.610149963789529	0.157308263169641	-0.194668133171821
0.760992549253866	-0.618963696446994	0.122590530581563	-0.150817254558311
0.767795964173578	-0.625690453358931	0.0872219690435199	-0.106738662584991
0.771843055459663	-0.630587835449196	0.0506263211611147	-0.0636730329722134
0.773678676503987	-0.633123365929443	0.0152194103482537	-0.0185601343169684
0.772789603840219	-0.633793663615098	-0.0207206150095404	0.025932147451671
0.769439276115636	-0.632322933616917	-0.0570873394493028	0.069799309934572
0.763544637518226	-0.628835982588624	-0.0932239425275947	0.113464488094608
0.75520709152687	-0.623242498953344	-0.128970178984929	0.156836632642096
0.744480293767534	-0.615561859383047	-0.164818899613221	0.19916681399013
0.731343572657498	-0.605887280448323	-0.199979946144534	0.240925721465209
0.715949415550254	-0.594146023917829	-0.234634922204193	0.281697337435262
0.697916544771727	-0.580713486082151	-0.268082358330745	0.322205202887904
0.677927721046358	-0.565152142057246	-0.301129707008474	0.361023490817409
0.655519174443304	-0.547972101081364	-0.332856950230642	0.399033130274669
0.631389382259133	-0.528589123517093	-0.364184648796266	0.435098296998509
0.605314432493579	-0.507444723967597	-0.39440269308412	0.469617722855962
0.576930350758985	-0.485059876744778	-0.422830620179057	0.503073108985612
0.546961201850281	-0.460730383160625	-0.450304487337413	0.534590335104321
0.515271375256686	-0.434957909512038	-0.476375787646984	0.564245634221229
0.481859673281941	-0.407798841113453	-0.500808230612104	0.592201381797036
0.447461472288956	-0.378797914324263	-0.524027281982056	0.617807234223659
NaN	NaN	NaN	NaN
NaN	NaN	NaN	NaN
0.335038943050653	-0.285892270618275	-0.582528068262697	0.683136564624057
0.29525303493521	-0.252988939716164	-0.598399063656753	0.700528944696477
0.255377704805369	-0.218399743599562	-0.612658535786313	0.715355365124326
0.213909706029489	-0.183979393556926	-0.624649380075677	0.728153398937254
0.172290659704527	-0.148258835137717	-0.634894014430781	0.738406958812113
0.130011887969436	-0.112303586723195	-0.643015721058515	0.746334774660358
0.0875872872101083	-0.0756728486922325	-0.649119342971021	0.751828548055237
0.0449425682473509	-0.0388212354915343	-0.653133118376662	0.754910727777675
0.00205940531659504	-0.0019349476417493	-0.655035135596579	0.755593135199982
0.0406170941809223	-0.0352210819173326	0.654824625088361	-0.75386632596685
0.0831507997891566	-0.0721967183952842	0.652608196918851	-0.749650665084546
0.125276369611935	-0.10912469995161	0.648173009565398	-0.743148289877773
0.167044433113491	-0.145549411729229	0.641772746259449	-0.734192936679231
0.207707519544528	-0.182143397039816	0.63316090463559	-0.723041242309522
0.248101601817632	-0.217787236598779	0.622571433308577	-0.709520348671055
0.287582314697731	-0.252857920860216	0.610021052229697	-0.693710025852241
0.325890300503235	-0.287268660661411	0.595444260504421	-0.675809411943969
0.363280650559404	-0.320682273160266	0.578995043937865	-0.655709377472437
0.399090699449531	-0.353522215624755	0.560424919368194	-0.633776432524752
0.434047701842356	-0.38471911125015	0.540398465775221	-0.60955992006697
0.467501042284122	-0.414919170964257	0.518592361780079	-0.583392508807709
0.499191584000072	-0.443960732575309	0.494966995159534	-0.555620647652188
0.529190922124602	-0.471824446710341	0.4695240176076	-0.526199445378852
NaN	NaN	NaN	NaN
NaN	NaN	NaN	NaN
0.608374650445942	-0.546068455177096	0.384581752626392	-0.428703163625006
0.631083536732312	-0.567393776429253	0.353684759714204	-0.393325517708542
0.651739951400612	-0.586978983704279	0.321728088290643	-0.35662549774612
0.670174654019973	-0.604842584772798	0.288510277883457	-0.319050466713623
0.686400189001041	-0.620872347825102	0.254068817967371	-0.280751391772405
0.700444089419273	-0.634907027719822	0.218930296692646	-0.241538131440267
0.712272997444699	-0.646922352234068	0.183095226641122	-0.201580716519016
0.721785658601177	-0.656980216211212	0.146340507646718	-0.161204573032015
0.729063195868239	-0.664875287759184	0.109694166809569	-0.119895362401912
0.733998654819634	-0.670698254183158	0.0720189734044916	-0.078886589661335
0.736585198696908	-0.674441279604828	0.0343784548627375	-0.0372736806190418
0.736825205951367	-0.676061420377754	-0.00381746869754528	0.00387281348410481
0.734757989952674	-0.675518553899515	-0.0416878960080494	0.0454697576927349
0.730386530387447	-0.672830519428061	-0.0796958905323322	0.0865053373325064
0.723701105720934	-0.668009046767547	-0.117627046043851	0.127218320433846
0.714769051521857	-0.66105230024017	-0.154899665674995	0.167693628106434
0.703519404378931	-0.652068001005223	-0.191984154242257	0.207388172872158
0.690259713865032	-0.640806178841941	-0.22893460172881	0.245963242587639
0.674622909044126	-0.627736853411353	-0.264598406505392	0.284285167986058
0.656946313643728	-0.612596352248247	-0.299536792531617	0.321597512617759
0.63714688276504	-0.59553715301885	-0.333665482715998	0.357836128417597
0.615686829347788	-0.576314369875117	-0.367248839080761	0.392326095788884
0.592103934984754	-0.55541209571598	-0.399396509352591	0.42592577102697
0.566891822788925	-0.532621815428374	-0.430499276104314	0.457840623206914
0.539709435089222	-0.508229386089288	-0.460120027300771	0.488575661763576
0.511113673225599	-0.482031117967282	-0.488552935126365	0.517421340816612
0.480779001255062	-0.454369561798609	-0.515383124367824	0.54477526410437
NaN	NaN	NaN	NaN
NaN	NaN	NaN	NaN
NaN	NaN	NaN	NaN
0.345871914534006	-0.329977848174017	-0.605947697853269	0.635857394324664
0.309494577234488	-0.295748129254683	-0.6241558659707	0.653586723915937
0.272339035893852	-0.260291832102332	-0.640537899876883	0.66917173467693
0.234070550549897	-0.224361923694732	-0.654769423953718	0.682751569765009
0.195423267272881	-0.187318251204859	-0.66707039694874	0.694073990932232
0.155843482642775	-0.150113852913408	-0.677131187411247	0.703329222424532
NaN	NaN	NaN	NaN
0.0758728012268678	-0.0736518350494959	-0.691048576256243	0.715031880745222
0.0362712686295541	-0.0342619805344281	-0.69485364587369	0.717418234071243
0.00480737856138822	-0.00386733806761306	0.696411940332917	-0.71761573433794
0.0445791797030497	-0.043312579847309	0.695803254096039	-0.715537943615387
0.0844611400759703	-0.0823293797851195	0.692967958085692	-0.711254945928541
0.124086803991789	-0.121066091203307	0.688009950324101	-0.70468984304507
0.16328045937496	-0.159565422297488	0.680867746049116	-0.695914851101285
0.201312184543256	-0.198128878532262	0.671357652074973	-0.685198697347237
0.239450499375	-0.235316618586323	0.66003121689278	-0.672047870388113
0.276396445725633	-0.272209565838255	0.646469564393649	-0.656950576047446
NaN	NaN	NaN	NaN
0.347582025319355	-0.343305653083033	0.613335115877395	-0.62060293253238
0.380918769813105	-0.378083550361628	0.593345780442196	-0.599912080709714
0.413976434772961	-0.410621629115193	0.572167881038481	-0.576747176034168
0.445184980579188	-0.442454934379631	0.548816932593434	-0.55212674143584
0.474779936230011	-0.473093106529351	0.523622633507788	-0.525914691167877
0.503140920676083	-0.502037451644396	0.496899112483572	-0.497894449758844
0.529708369421127	-0.529584903367219	0.46856720479063	-0.468394756680131
NaN	NaN	NaN	NaN
0.577475045074553	-0.579917377115755	0.407034638280165	-0.405636797240415
0.598862097704336	-0.602227672127556	0.374566484596259	-0.372002644445154
0.617901150388624	-0.623093732419427	0.340231241087328	-0.337927612893974
0.635260545221298	-0.641778177068754	0.30517058458808	-0.302383407986642
0.650590294536819	-0.658475408456584	0.269048112777355	-0.265999094215325
0.663842741798067	-0.673074785931859	0.232251108414697	-0.228784984963942
0.674876276265052	-0.685779321033216	0.194056391678504	-0.191287353023031
0.683855557709871	-0.696234537981215	0.155700136477905	-0.152828373714329
0.690647169361502	-0.704534508690366	0.116664907060789	-0.114135502705627
0.695206549933902	-0.710693512643577	0.076978388398017	-0.0753452834288897
0.697604630745067	-0.714604001658005	0.0368761222144335	-0.036456159806415
0.697855993456893	-0.71622581546186	-0.00273618590292049	0.00317914280756128
0.695894896686972	-0.715618576516072	-0.0428644353116356	0.0422254176480753
0.691742964334332	-0.712760833707849	-0.083195592969159	0.0808836110504005
0.685371044128159	-0.707714844333466	-0.12306221256713	0.119423292614208
0.676942469888137	-0.700366155128491	-0.162792788792162	0.157272531389158
0.666418486655728	-0.690759651567159	-0.202185059595184	0.194573138142955
0.653779692272209	-0.679025015142083	-0.240710477607322	0.231420847707819
0.639102947175078	-0.665130315536418	-0.278497944683209	0.267559303844557
0.622718157223121	-0.648844647679846	-0.316211111859399	0.302048427538532
0.603946883030959	-0.630875685391016	-0.352130060822799	0.33652407391528
0.583427291916685	-0.610849858282715	-0.387148565375315	0.36958224255311
0.561113798100217	-0.588865656871405	-0.420919047260567	0.401516748582439
0.537409966080631	-0.564623799850462	-0.454008419502468	0.43158643169186
0.511954909159141	-0.53865958909274	-0.485596050582135	0.460374297420402
NaN	NaN	NaN	NaN
0.455707289220307	-0.482300666468549	-0.543506041431612	0.514118776746008
0.425736208601265	-0.451481191380858	-0.570192365338152	0.538325255793582
0.394630070365063	-0.418968070264398	-0.595363631592545	0.560602363390958
0.362121446020394	-0.385354368611443	-0.618419657268963	0.581315057802147
0.328302900604292	-0.350633822272899	-0.639564652807878	0.600191788524172
0.29390596643045	-0.314434200021715	-0.65885518039418	0.616976715947238
0.258951006253117	-0.27681244471557	-0.676265366420333	0.631652120230321
0.222831681024845	-0.238648180646258	-0.691391974279231	0.644492223155672
0.185860550592939	-0.199892428537059	-0.704267204035645	0.655367513740697
0.148730686794741	-0.160084207214533	-0.715103525649034	0.663987331965287
0.111042368427613	-0.119841715055593	-0.723604364895785	0.670599939494695
0.0729454045672726	-0.0793563229309679	-0.729848411618372	0.675057655331404
0.0352561854520544	-0.0377545596992802	-0.733852379237398	0.677342070225151
0.00328452303312456	-0.003040326344796	0.735481875123108	-0.677529615359771
0.0409349861862846	-0.0448349829610246	0.734829122415008	-0.675529652983199
0.0786568756509797	-0.0861323964910202	0.731818019218576	-0.671443737728292
0.116397956374681	-0.12701056594354	0.726521825555821	-0.665196113098639
0.153288835958936	-0.167941706707609	0.718874680095995	-0.656899771833854
0.1898199044483	-0.20831252069291	0.708928559976167	-0.646525014556995
0.225607387300441	-0.248030124267044	0.696727399692826	-0.634155576155265
0.260905906601264	-0.286829454743913	0.682410496997562	-0.619655456991563
NaN	NaN	NaN	NaN
0.327926384108556	-0.362516416069331	0.646931835303965	-0.585256640420234
0.359916978302354	-0.39883019863743	0.625973981291126	-0.565288259325335
0.390820436701245	-0.433660507616906	0.603194918060068	-0.543464664183977
0.420346037331379	-0.467393628636063	0.578367478107326	-0.519945636656364
0.448526464139079	-0.499573037885584	0.551715132446637	-0.494834521243267
0.475210655168375	-0.530259903568378	0.523218684111802	-0.468232289017335
0.500124263488084	-0.559590996558904	0.492730081001036	-0.440398347995797
0.523493297326888	-0.587010163980273	0.460795726853272	-0.41114612141116
0.545419054517392	-0.612383432777465	0.427717144616045	-0.380213927191706
NaN	NaN	NaN	NaN
0.58337943485038	-0.657930397825261	0.356476714919073	-0.31578533584011
0.599571080094963	-0.677584020533408	0.319148100849243	-0.282026425633951
0.613796004439365	-0.695176831780025	0.280550193890973	-0.247538332785643
0.626042371080568	-0.710581399967756	0.240895695060233	-0.212401242305997
0.63633870178304	-0.723634285008709	0.200663292888488	-0.176523995706417
0.644549676370852	-0.734453818268229	0.159744604008261	-0.140053436272346
0.650648420508749	-0.743011310101057	0.117726924006647	-0.103591492485213
0.654703214369154	-0.749128516382135	0.0757652412413021	-0.0665567070808488
0.656615565896261	-0.752919187116279	0.0331957795853031	-0.0294403891383421
0.656529140444599	-0.754203695258085	-0.00923140791674451	0.00781376439370344
0.654215157708051	-0.753198318433545	-0.0514594486853738	0.0452409734080512
0.649891049311255	-0.749702125397745	-0.0943001602567278	0.0818280329396671
0.643537074397176	-0.74374715811511	-0.136873632791486	0.118177016879266
0.634956150306293	-0.735597973588449	-0.178433763156214	0.154556464137516
0.624492522466769	-0.724880581839838	-0.220198438298581	0.189920718262897
0.61206282824889	-0.711813031039486	-0.261221260547838	0.224643620332625
0.597576011864899	-0.696538778192909	-0.301247267584035	0.258817936569944
0.581489766650588	-0.678696109107183	-0.341032144848985	0.291441793404989
0.563396746045619	-0.658843381865251	-0.379260948974744	0.323528418072266
0.543380800988329	-0.636956969558154	-0.416150630922508	0.354741844770776
0.521593243908866	-0.613055682547359	-0.451805856908005	0.384674779090912
0.498515765172851	-0.586679958339285	-0.486569209801056	0.412963754378902
0.473533206683171	-0.558903510492329	-0.519200581170221	0.440254386281623
NaN	NaN	NaN	NaN
0.41985121049322	-0.496896997818066	-0.580496118231743	0.489737267649349
0.390578046073961	-0.463924530313501	-0.608038744123244	0.512358961806537
0.36041075047088	-0.42899405131861	-0.633923243614268	0.533113042500208
0.329187092661379	-0.392431639714584	-0.657941218584416	0.552038602874586
0.296855680646411	-0.354729056515476	-0.679794292349373	0.569142970984279
0.263590024258966	-0.315890738668384	-0.699395887042628	0.584447374468015
0.229842665769026	-0.275557674576699	-0.716940494725904	0.59769276722765
0.194918031112826	-0.234901749775077	-0.731953278126672	0.609157227437486
0.160030211352268	-0.192527828731531	-0.744870260163467	0.618459103047631
0.124291597486606	-0.149985788039962	-0.755226932714701	0.625849935913238
0.08842087483634	-0.106772179940482	-0.763227526945308	0.631082556086668
0.0520367634390889	-0.0633019963150607	-0.768726461747512	0.634306439761148
0.0161984106618772	-0.0188708420252408	-0.771727574798683	0.63546679937557
0.0203038883656686	-0.0249503703782338	0.772216347568194	-0.634544831894218
0.0567103856596142	-0.0687073665434398	0.770198099347923	-0.631552149629664
0.0922799410872185	-0.112988539299791	0.765572729696944	-0.626591093141459
0.127759243789311	-0.156698412741373	0.758554762512294	-0.619449639067322
0.162811552918585	-0.199975803831988	0.74890332276898	-0.610447286228361
0.197275955652635	-0.24259998619353	0.736908723367283	-0.59932710388021
0.231050108914939	-0.284395910520312	0.722532065070955	-0.58624417113863
0.263726828232806	-0.325811486112192	0.705528649489808	-0.571423100982727
0.295703038472718	-0.365761222843858	0.686348924623511	-0.554710369985922
0.326987490112513	-0.404324960862471	0.665084876260195	-0.535968856094682
0.356060358455671	-0.443021686734641	0.640811377100663	-0.516055796593319
0.385164715826568	-0.478738860309824	0.615396753365904	-0.49370444727407
0.412021868528439	-0.513957236972391	0.587117112327586	-0.470509760610932
0.437825803920851	-0.5472097193877	0.55719633679799	-0.445423765292779
0.461939632558839	-0.578914137266959	0.525098268395893	-0.419215942053129
0.484974205007499	-0.608241175242533	0.491895730137084	-0.391000363030306
NaN	NaN	NaN	NaN
NaN	NaN	NaN	NaN
NaN	NaN	NaN	NaN
0.55841194006937	-0.70675021903761	0.341186183897073	-0.268834932618522
0.572103566110191	-0.72599662335184	0.299619183959976	-0.23633611050554
0.583877854182626	-0.742764445410468	0.257271214461207	-0.202975742981343
NaN	NaN	NaN	NaN
0.601869277108187	-0.768589404240209	0.170800324248498	-0.133607448144023
0.607758672304731	-0.777801872560274	0.126009520364647	-0.0988698339110258
0.611646873526605	-0.784388121853427	0.081418380977814	-0.0632014528261337
0.613483493383325	-0.78840263690975	0.0359947531111523	-0.0276344569045887
0.613239711527717	-0.789800403366913	-0.00957828948150254	0.00778687469227225
0.61096765795771	-0.78852701383996	-0.0557388093390303	0.0428585406631339
0.606633819062986	-0.784669454769608	-0.100652236158607	0.0784753698742105
0.600321808894664	-0.77806055371712	-0.146569895007762	0.112928147032794
0.591950386791585	-0.768916857672826	-0.191413406658836	0.147385593987673
0.581561093596644	-0.757254378146388	-0.235419286039406	0.181466969318106
NaN	NaN	NaN	NaN
0.55525970806285	-0.725860107216589	-0.322514755043282	0.246572492652472
0.539193472266695	-0.706599573448978	-0.364126087491471	0.278207898297049
0.521453941188052	-0.684776132153401	-0.404908443226068	0.308571853312512
0.502103452569588	-0.660422780551554	-0.444671808678442	0.337640128558347
0.480903483388147	-0.634031011021108	-0.482554521443347	0.365892949594933
0.458099797616743	-0.605559933271709	-0.518788950095609	0.39281009139043
0.433782111132072	-0.574864720572142	-0.553536583308749	0.418283258142364
0.408067899182981	-0.542138343676219	-0.586501571541255	0.442247117064692
0.381402899963791	-0.507046994702445	-0.617863196916243	0.464413870334284
0.353057105478532	-0.470714555122849	-0.646727425632301	0.485306217559218
0.323565265559798	-0.432716110555502	-0.673488145159599	0.504456147666394
0.293730951561409	-0.39219304185728	-0.698606075443527	0.52139840560454
0.262081732025469	-0.351431845763073	-0.720671718253031	0.537067126188444
NaN	NaN	NaN	NaN
0.197013619843076	-0.26534983112234	-0.757918988046811	0.562435692570956
0.163493067060319	-0.220770894163177	-0.772741654161422	0.572189273962271
0.129810943838644	-0.174793210830966	-0.785076008100034	0.579872497893147
0.0951534080254401	-0.129162220646659	-0.794439967830591	0.585771360867103
0.0606653159577701	-0.0822675217644815	-0.801316383500797	0.589443659594093
0.0259482762892004	-0.0351480509858475	-0.805353013573384	0.591183410624643
0.00896705021619304	-0.012007269786934	0.806683686185153	-0.59079340545187
0.0434185564007196	-0.0597052523374429	0.80515588277876	-0.588450606448966
0.0779637802578836	-0.106720102254846	0.800914466978548	-0.584010689394538
0.111996561540691	-0.153807826851826	0.793856294670242	-0.577574329428356
0.145489491209282	-0.200551818158134	0.784003868831694	-0.569165801711651
0.178633198777506	-0.246429698722251	0.771429026142613	-0.558802148802988
0.210898946895892	-0.291805468600123	0.756086265813844	-0.546538892798073
0.242464592102726	-0.336076887064166	0.738174323626438	-0.532317495012488
0.272345187390945	-0.380413273768388	0.717069840598775	-0.516647543059537
0.302253459206202	-0.421869089644217	0.6941959661484	-0.498759739938914
0.331067386886499	-0.462023962366429	0.668860517034844	-0.479117785404854
0.358540812084208	-0.500903235595735	0.641005331777714	-0.457882735285207
0.384210241365386	-0.538733574539906	0.610403555377072	-0.435380437866054
0.408869173858423	-0.574100751824708	0.578127199950027	-0.411100068232271
0.431842363327766	-0.607911147335975	0.543390608417924	-0.385594160826311
0.453006192085065	-0.63995904275446	0.506252392490586	-0.359090975418407
0.472997507669402	-0.669110887056127	0.468135949766862	-0.330775922789695
NaN	NaN	NaN	NaN
0.507303371033555	-0.721107897285508	0.385840180611295	-0.271613779540559
0.52192841488347	-0.743120629637624	0.342951811159357	-0.240305045237769
0.534330398525672	-0.763086356023566	0.29747598787999	-0.209041323897683
0.545112540508028	-0.779856378265707	0.252334687181455	-0.176078258465421
0.553909693558969	-0.793976638505505	0.20587397398115	-0.14283226430368
0.560471009666146	-0.805568321028233	0.157825301897751	-0.109649904516368
0.56518320796838	-0.814153001293749	0.10941197816743	-0.0758409582510813
0.567853708390209	-0.819819218894828	0.0607830601913267	-0.0417616306187882
0.56840522853497	-0.822633092249153	0.0113774231702962	-0.0078003815745785
0.566985579986831	-0.822435787626466	-0.0379947875722927	0.0261366301494352
0.563542107858176	-0.819285370417929	-0.0871134529705801	0.0600251680669278
0.558034574497983	-0.813207682858158	-0.1360901724983	0.0936490424654898
0.550587182889828	-0.804114552680056	-0.184874650328649	0.126786844236521
0.541097407661134	-0.792179887793995	-0.232886632859951	0.159462964453343
0.529725106578486	-0.777269714199114	-0.280451955032285	0.191284614561152
0.516439506358939	-0.75948413388559	-0.327139293901605	0.222382483647767
0.501322445707672	-0.738982147028999	-0.372429670277726	0.252739653594194
0.484455930571735	-0.715656475025098	-0.416682014977267	0.281982906366699
0.465685787179194	-0.689837151715757	-0.459283104477664	0.310355411864117
0.445448321562123	-0.66128310964821	-0.500540444197182	0.337253177056004
0.423641184882976	-0.630200395301507	-0.54001919513009	0.362980546481243
0.40002222819735	-0.597145382142893	-0.577282269012868	0.387485214449275
0.375445255744614	-0.561148520709108	-0.613104150504418	0.410190807160639
0.349376529804284	-0.523348681917138	-0.646430641310396	0.431473780817029
0.321558307675497	-0.484119991210521	-0.67707983933368	0.4514321433428
0.293538727863254	-0.441758703760938	-0.706158197362459	0.469068079487062
0.264060649228265	-0.398422700813776	-0.732153049065308	0.485266151456885
0.233584603555161	-0.3535947386477	-0.755475678059518	0.499665381673731
0.202605540327167	-0.306817168234556	-0.776293328086066	0.512037976203255
0.170247736995798	-0.259898965572381	-0.79392351148772	0.522641075355951
0.138367033401995	-0.210371496297987	-0.809045103744584	0.531078541950051
0.105331715241167	-0.160917869115456	-0.82093640323819	0.537656108495047
0.0720415227330684	-0.110696643441979	-0.829794237935365	0.542215634985056
0.0387663360287545	-0.0595359688116095	-0.835629565654169	0.544679601796499
0.00540188342171806	-0.00831866323161077	-0.838278379915298	0.545152251452858
0.0280149526092451	-0.043032312308222	0.837841597083861	-0.543493183695688
0.0610673258823036	-0.0946519755028336	0.834176905184738	-0.539870980975462
0.0940249011665696	-0.145781833649588	0.827382680963155	-0.534176819209335
0.126415014080189	-0.19647914695327	0.817421532958703	-0.526533214985593
0.158361704283916	-0.24646633834291	0.804389241373597	-0.51684994248093
0.189653630847294	-0.29570720626301	0.788268515389634	-0.50519451314913
0.219940433055903	-0.344031639956996	0.769032778432539	-0.491789611838244
0.249407491210001	-0.391212920295842	0.746820322172053	-0.476453314305572
0.277950813057018	-0.436788648005103	0.721828935818694	-0.459262462987852
0.305400162180383	-0.480716885254653	0.694058405109892	-0.440369103670517
0.331306496950663	-0.523370796052169	0.663246048912799	-0.420028205623813
0.356192484022661	-0.563726392619737	0.630090001308265	-0.397902071923553
0.379400495422544	-0.602348417513691	0.594134127065443	-0.374481357410572
0.4012116743233	-0.638535401106465	0.555971110840406	-0.349568101850533
0.616256184360917	0.0599643825053316	0.251817567544418	-0.743787940708701
0.439917175865327	-0.70371408408352	0.472789039702808	-0.296192319579803
0.456611555626954	-0.732411565857198	0.428167145203767	-0.267865789593586
0.47170690042225	-0.757978685380214	0.382428237610271	-0.238137682195863
0.484771196864657	-0.780994196134909	0.334356441728605	-0.207968079686716
0.495995622076421	-0.800792472218738	0.285467431163164	-0.176714756214443
0.505189069080989	-0.817615492039732	0.235084752360716	-0.144996796051542
0.512292429371246	-0.831349258030431	0.183477704571244	-0.112919484175348
0.517464741503661	-0.841788040689331	0.130903281663414	-0.0805448117678347
0.520548454327725	-0.848916863696695	0.078122749131042	-0.0476056855490231
0.521507678953387	-0.852766903439327	0.024398120009506	-0.0149358940527268
0.520501660656607	-0.853165794807697	-0.0294697280542344	0.0178236627064691
0.517448925085554	-0.850148392746034	-0.083438094075306	0.050323003648637
0.512154651146714	-0.843921085733722	-0.136284808676466	0.0831941421424691
0.504942695312261	-0.834196423880453	-0.189486399258369	0.115083036681998
0.495797816965174	-0.820968634198277	-0.242566508696306	0.146138684864988
0.484692726414621	-0.804487817079247	-0.294236101256733	0.176910796304426
0.471535110407558	-0.784904702349737	-0.344484430959542	0.207146626109827
0.456551174985934	-0.761954885226756	-0.393971323616093	0.23616175318249
NaN	NaN	NaN	NaN
NaN	NaN	NaN	NaN
0.401081662200962	-0.674902892603165	-0.532207148548051	0.31685191625797
0.37936165342566	-0.639940478121339	-0.574688979684302	0.341018323556662
0.356223254926498	-0.602220804277197	-0.614908835963879	0.363761211509479
0.331752702639228	-0.561893740201984	-0.652697760212202	0.384969093340449
0.305782010553045	-0.51944486393011	-0.687696136118747	0.40465839880832
0.278327420919973	-0.475222232053885	-0.71967025647915	0.422814851755463
0.250522857663175	-0.427612559825103	-0.749606018430696	0.438721567284511
0.22126775858345	-0.378966103958146	-0.775965387776712	0.453103727676981
0.191186591726	-0.328712070241081	-0.799196955984703	0.465489299089467
0.160815934268113	-0.276261778230722	-0.819408696391205	0.475801485341039
0.12955983194277	-0.222956653103343	-0.836071248674014	0.484241105157949
0.0972300422862372	-0.169469545061895	-0.849125488383504	0.49072629555691
0.0654796913625103	-0.113880887362112	-0.858934798043294	0.494949054169229
0.0333934022783296	-0.0576853565112184	-0.865114577945955	0.497125786249157
0.000894571163883387	-0.00187777135566678	-0.867627880995575	0.497209748331925
0.0311763767616206	-0.0547727851151071	0.866442845940786	-0.495282515601736
0.0634269211804956	-0.110654537399062	0.8616621198391	-0.491193434663933
0.0947306934177521	-0.167179700103873	0.853111477917177	-0.485054481314976
0.126258934098024	-0.222013748620824	0.84112686729241	-0.476732807873149
0.156612325503669	-0.276895709772013	0.825256253662868	-0.466640612463718
0.186344200452506	-0.330607157705759	0.805878420157495	-0.454460909381539
0.215191077597865	-0.382922140691732	0.783013401969831	-0.440401460744583
0.243132163678092	-0.433687939595679	0.756761159761513	-0.424398479157119
0.270031285052693	-0.482567446451453	0.727208888071378	-0.406668166725779
0.295593371547574	-0.529682679144886	0.694395595070768	-0.387137670160562
0.319631115295501	-0.574753815271251	0.658352037182171	-0.366151057767392
NaN	NaN	NaN	NaN
NaN	NaN	NaN	NaN
NaN	NaN	NaN	NaN
NaN	NaN	NaN	NaN
0.416768981933723	-0.759995358767807	0.437198171565466	-0.239934218337306
0.430971433410957	-0.787720028342927	0.386256028370363	-0.211109121258834
NaN	NaN	NaN	NaN
NaN	NaN	NaN	NaN
0.461292134209603	-0.850427682822844	0.222452308557642	-0.120404707641739
0.467182036331655	-0.864053355750383	0.164834977189903	-0.0893430111442084
0.471107644067319	-0.873682740360907	0.10685538082981	-0.0576019486173122
0.472845448695138	-0.879445755277759	0.0482769619250035	-0.0257231436554067
0.472475135537165	-0.881250562300246	-0.011480547019761	0.00573496161838526
0.469957771985435	-0.879063535132176	-0.0705668107620548	0.0375142502294794
0.465241280719578	-0.872965071051776	-0.129118822650037	0.0693603999083198
0.458522183959713	-0.862760971189083	-0.188043910651164	0.100201801763754
0.449759404016743	-0.848505882703982	-0.246407093289033	0.130528885278665
0.438811445261207	-0.830475114227612	-0.303403946193891	0.16031732779204
0.426004882311801	-0.808511119402961	-0.359157299704759	0.189303048356504
0.411136773655724	-0.782792810654383	-0.413485055422092	0.217329422486608
0.394451275101325	-0.753341381631022	-0.466051659706185	0.244296550893199
0.376239472927201	-0.719857643990318	-0.517277580209826	0.269578812988777
0.355923181747127	-0.683702999517137	-0.565025308023187	0.294304771350339
0.334205309453933	-0.643883780641406	-0.61083036087093	0.317185684415328
NaN	NaN	NaN	NaN
0.286201876107307	-0.555097401226138	-0.693976541983499	0.358262362579816
0.260346048245741	-0.506361651729273	-0.730966849466823	0.376171872687706
0.233386075027222	-0.454881816606968	-0.764726747407833	0.392181685832943
0.205352270769711	-0.401156966280401	-0.794852523038432	0.406340989704296
0.176222961063694	-0.345607461735821	-0.821130525062209	0.418623471866459
0.146458974265175	-0.288228474579703	-0.843600875440442	0.428732641928241
0.116023326695011	-0.229237835456759	-0.862062175657513	0.43684941084813
0.0853580873128781	-0.168564563951272	-0.876541923795793	0.442689779121424
0.0539773152386112	-0.107646996561589	-0.88663679011603	0.446512906850009
0.0224406811051944	-0.0460812806578304	-0.892523509240409	0.448078918113378
0.00865072112862748	-0.0170569688645913	0.894095436886732	-0.447467959272428
0.0397908232012104	-0.0797009723821543	0.891262014900158	-0.444653197656804
0.0706303109414667	-0.142182198194383	0.884026163532641	-0.4396513662923
0.101160734652909	-0.2039713067597	0.872409413950184	-0.432508989772839
0.130680367989328	-0.265751652445143	0.856229533577086	-0.423284403770343
0.160190260758512	-0.324859803520707	0.836183698245368	-0.411827647448915
0.188265816128659	-0.383664555295991	0.811466982020455	-0.398596071954496
0.215498999792049	-0.440252421806135	0.782882598324081	-0.383187713038656
0.241456303223284	-0.495158868286947	0.750024262812935	-0.36603299575646
0.266203972446602	-0.547573305758503	0.713359681881816	-0.34701136024607
0.289520746806169	-0.597346215669039	0.672931807980785	-0.326370981556858
0.311362636544125	-0.643961566013071	0.62927535288859	-0.303939698475248
0.331290709300445	-0.68798844925918	0.581688279220811	-0.280280405013066
NaN	NaN	NaN	NaN
0.366145516671876	-0.764900055620759	0.478115444898774	-0.22862849096666
0.380601702338119	-0.797781983370143	0.4221705745752	-0.201142380293592
0.393086370580251	-0.826572349965433	0.363965677032387	-0.172598497904887
0.403447808757843	-0.85131113634499	0.303177309602164	-0.143466838279409
0.411678098827955	-0.871396331105622	0.241574738583391	-0.113274987351257
0.417615411270001	-0.887318024206137	0.176987331970398	-0.0833041206106006
0.421334570044376	-0.89843395164991	0.111930918707805	-0.0525840664600432
0.422912949597051	-0.904722468129755	0.0464265110346337	-0.0215979581784273
0.42223997204593	-0.906215375266624	-0.0200647691356185	0.00919264252308997
0.419155748753089	-0.902933015753902	-0.0860868033973267	0.040118445005144
0.414009159619857	-0.894643363369568	-0.15251342590981	0.0703514253366622
0.406513283259743	-0.881552136749802	-0.218036480616623	0.10036370781094
0.396946324860563	-0.863417482501909	-0.283168927078763	0.129457424765137
0.385064943883796	-0.841020710166483	-0.345466093246677	0.158310872904269
0.371191096844699	-0.813637504315028	-0.407037882432873	0.185826110812783
0.355312841177348	-0.781817960540077	-0.46632648670874	0.212257082956773
0.337603999264013	-0.745298417819744	-0.523660614535659	0.237346516427915
0.318104451475715	-0.704453406925335	-0.57825675663876	0.261101663771501
0.296871194401931	-0.659517166460924	-0.629871225836117	0.283137492998422
0.274004272869435	-0.610953396760854	-0.67777464307501	0.303774815678011
0.249531335959048	-0.559105013387743	-0.721831285455676	0.322638019639022
0.223899701036307	-0.50348660418394	-0.762348014030477	0.339404874430177
0.19719236547197	-0.444536779952961	-0.798782669186716	0.354187054641425
0.169116235362258	-0.383510918017656	-0.830410083541997	0.367066980059397
0.140543543474761	-0.319179601982056	-0.857783858269399	0.377596009722823
0.111257786312073	-0.253058941296995	-0.880120715323901	0.385966842711036
0.0811244825372116	-0.185671612585282	-0.897338601740921	0.392082012388608
0.0507112895822367	-0.116848297590461	-0.909391775810247	0.395956359398108
0.0200884563546793	-0.0472264600720529	-0.916192210712032	0.397439238652839
0.0103530816269763	-0.0235773062624493	0.91766127309754	-0.396528324571189
0.0404750311630461	-0.0947441554166817	0.913619604624208	-0.393299548579752
0.070668531649325	-0.164472551973944	0.904224545442755	-0.387727623081654
0.0997375705937328	-0.234883984473287	0.889116123824235	-0.379940060017076
0.128919489696839	-0.3025438258971	0.868969224417859	-0.369783025032891
0.156796738282223	-0.369391533336206	0.843310234651281	-0.357480805213349
0.183594696855425	-0.43422247303647	0.812452563974824	-0.343022830854437
0.209094025290119	-0.496764946142256	0.776445598338077	-0.326552460859939
0.23317518869969	-0.556605971899365	0.735405499392977	-0.308217252734811
0.25592678341581	-0.612857843773846	0.689964389987587	-0.287846982621612
0.276786587758249	-0.665966550956797	0.639615418021292	-0.266026041720168
0.295982823013522	-0.714767367318298	0.585442805670023	-0.24240152719615
0.313148690450134	-0.759400460033201	0.527235035228144	-0.217421380270448
0.328367196906443	-0.799351095468038	0.465470372966404	-0.191180914477281
0.341285454068154	-0.834605021469766	0.400084730909028	-0.163984465948444
0.352133432877762	-0.864231677202353	0.332795731146413	-0.135471970903414
0.360639289428035	-0.888585996247597	0.262793614208204	-0.106272040184126
0.366666115471058	-0.9074625986404	0.190160428115487	-0.0768544300161756
0.370390760938255	-0.92036585866442	0.116370320406415	-0.046854230812111
NaN	NaN	NaN	NaN
0.37037807009025	-0.928159292529109	-0.0340703433788271	0.013402409862927
0.366728829014569	-0.922847568740591	-0.10945588955201	0.0433790166043685
0.360670609254832	-0.911251869293713	-0.185082810739101	0.0726711462505936
0.352154003598195	-0.893658858603648	-0.258839070679663	0.101802444364937
0.34121362422928	-0.870078130064203	-0.331056157779213	0.13015041536916
0.328188103468154	-0.840045479096169	-0.402464091369276	0.156967566555535
0.312884269979448	-0.804394559263883	-0.470732499055251	0.182930973209268
0.295476554521494	-0.763123692338823	-0.535956385946032	0.207573091423082
0.276037610766296	-0.716384313692014	-0.597854429144481	0.230579344458223
0.254875823101419	-0.664260440536522	-0.656046446675661	0.25179245767266
0.232061807456532	-0.607134710045866	-0.709942997076056	0.271137792054514
0.207668340104923	-0.545520256081705	-0.758972326614796	0.288517795214681
0.18173404017503	-0.480229596327175	-0.802512929134973	0.303850739713276
0.154908143532481	-0.410452373119716	-0.840930286827359	0.316809989053642
0.127101479246057	-0.337197145628958	-0.873459871562082	0.327431140430927
0.0980211284399103	-0.262592055474575	-0.899257797007668	0.335816445847907
0.0682951377107129	-0.185559150130292	-0.918786587199278	0.341664723304443
0.0388897737693943	-0.105413672844822	-0.931917627765985	0.344826156392679
0.0089261194529936	-0.0249042427051186	-0.93809340299212	0.345370627514064
0.0207685898508537	-0.0564918659792874	0.937234361786181	-0.343466280500772
0.050262951035314	-0.137656129135843	0.929329425277729	-0.338926607361423
NaN	NaN	NaN	NaN
0.107223229691491	-0.298179181028877	0.892011702986735	-0.322346826803335
0.134698856030233	-0.374993698321695	0.863142549233724	-0.31019491308768
0.160838662780583	-0.449722671245837	0.827262963159192	-0.29583176521046
0.185424834728857	-0.521525681378228	0.784630951332027	-0.279254121796886
0.208602681291056	-0.589323093939658	0.735730682781687	-0.260544765292191
0.230058449297626	-0.652632557049113	0.680943631341112	-0.239707376445298
0.249356780017484	-0.711428126057105	0.620060219549023	-0.217293676500275
0.266681322334436	-0.764665853271386	0.553962784114238	-0.193112503414724
0.281771299555872	-0.811706620702216	0.48346853043464	-0.167318488919047
0.294229722152458	-0.852964210277062	0.407524474731606	-0.140729275857027
NaN	NaN	NaN	NaN
0.312010623896494	-0.91363292604519	0.246703069660661	-0.0840347692436435
0.316867473768683	-0.932898787686466	0.162141490835987	-0.0548178159913226
0.318977214862881	-0.944453349600559	0.0749359470580428	-0.0254167398601237
0.318423528204888	-0.94786343904361	-0.0119439605012043	0.004324282312444
0.31510817929328	-0.943133323395216	-0.100376761831177	0.033628489830156
0.309062737467483	-0.930104337612491	-0.188396173281884	0.0623941291811699
0.300283388400951	-0.908950711020235	-0.274623021620099	0.090668007491609
0.288904916229208	-0.879611141359604	-0.359023402361933	0.117984685154941
0.275071667431285	-0.842143577152364	-0.44087956841862	0.144065885582274
0.258797523287827	-0.796861352057187	-0.519228030759703	0.168635938076908
0.240290724539073	-0.743834515869896	-0.59357227975517	0.19142238481258
0.219705731128581	-0.683879538639514	-0.662487246380871	0.21248250921465
0.197052993692186	-0.617590194779485	-0.725378403603689	0.231470604126202
0.17288845431215	-0.54443752313116	-0.782414021851768	0.248043673940908
0.147116999448432	-0.465971923583199	-0.832122300984711	0.26229607528397
0.119991571315943	-0.382804364418673	-0.874108378505221	0.27385650261062
0.0920524813819084	-0.295160675940404	-0.907996781536132	0.282751411614272
0.0633190240154183	-0.204045832652329	-0.933240878272291	0.288820813821505
0.0340345301704183	-0.110917482389768	-0.949370635413878	0.291949241256497
0.00470660989041085	-0.0156470057380737	-0.956214033239324	0.29221180960214
0.0244364742348204	-0.0804811067233968	0.953481756072197	-0.289479172005565
0.0530569476100924	-0.176945481353636	0.94089688706349	-0.283880793385293
0.0811097358380292	-0.271445251578322	0.918634968838504	-0.275406027847881
0.108222089425023	-0.363535891146165	0.886796000981588	-0.264050161621062
0.133930357029506	-0.452826538539103	0.845281999356612	-0.250018253382294
0.157986414852419	-0.537795330868371	0.79457589208315	-0.233378719120926
0.180260139907924	-0.617455856700964	0.735056426161618	-0.214351574159286
0.200220715134025	-0.69134829517827	0.66681110471977	-0.193163533327902
0.217985420973079	-0.75800197604399	0.590766176640577	-0.170031423842977
0.23321513112332	-0.816384573232981	0.508036466980339	-0.145003032452669
0.245671567227739	-0.866255655084577	0.41852257541871	-0.118682243637142
0.255184197572301	-0.906670212492847	0.323279968873942	-0.0912152005557137
0.261666783058965	-0.93664580237186	0.224221307718826	-0.0628485537431551
0.265098432824408	-0.955935315648043	0.121461025364027	-0.0340251749214823
0.265338185169209	-0.963991856402781	0.0171122059224336	-0.00474559676948212
0.262374165681293	-0.960574619084534	-0.088717306639693	0.024195823115699
0.256214704485295	-0.945439255891139	-0.194241276244336	0.0526209580727417
0.246850683822404	-0.918709791354649	-0.297611006814408	0.0804036553175466
0.234684077964126	-0.879948584527992	-0.399070445127901	0.106567593398413
0.219551851626994	-0.82970842218953	-0.496125428090288	0.131303001478059
0.201506307372352	-0.769243191287834	-0.586352732360773	0.154436375247297
0.181300531299362	-0.696745427248843	-0.67164633014283	0.174834590868241
0.158733392539936	-0.615019580018231	-0.747869326376835	0.192992479002735
0.134240879079881	-0.5244066032299	-0.814592007541869	0.208367372977745
0.108107631305034	-0.425633503640077	-0.870861218078608	0.220793114655623
0.0807378785272219	-0.320272864493526	-0.915422100929627	0.230019704307313
0.0523685816823819	-0.209779984915267	-0.947401125331317	0.235968212483122
0.0235063661209465	-0.0953153220021391	-0.966152725689131	0.238561000138076
0.00533214373088525	-0.0224292085037824	0.971099807290109	-0.237557704842929
0.0339317675974043	-0.139703378085564	0.961790236759926	-0.233004596032962
0.0615776840769623	-0.25718732045364	0.937770258111311	-0.225055135518918
0.0881953110861864	-0.371183534733615	0.899318052503205	-0.213708706156098
0.113121459138741	-0.48041249115074	0.846612769809729	-0.199133602949782
0.135974495089087	-0.583674395010258	0.779655437816043	-0.181583412178951
0.156322225910242	-0.678636479873162	0.699287808085489	-0.161283760294776
0.174035229594131	-0.762761989102974	0.607251794717046	-0.138387660767569
0.188509391522576	-0.835616552527199	0.503283180511355	-0.11364517880104
0.199610838811524	-0.894910206153382	0.389482373711379	-0.0871476707641758
0.207316713618411	-0.938587233132523	0.269396912101808	-0.0591531047799533
0.21099024753582	-0.966753477464558	0.1411399730214	-0.0308275407789277
0.210850219862106	-0.977469449616945	0.00955983327252097	-0.00206626170896205
0.206817816033105	-0.970192684886537	-0.123508531627432	0.0264232431617688
0.198868961381423	-0.944375600388308	-0.256298471587402	0.0540088423525102
0.187126367056843	-0.899879632832405	-0.38571996238634	0.08012789640446
0.171823001387625	-0.837281453385857	-0.508427375975896	0.104585980745412
0.153405409741575	-0.756079259487476	-0.623609726821102	0.126181782555958
0.131863955943179	-0.658479418881232	-0.726619670383447	0.145053806033143
0.107829735730627	-0.545945728242837	-0.815159765119323	0.160718907525754
0.0815484395341844	-0.420197946811353	-0.88710834883432	0.172691386390604
0.0540071425692561	-0.282618407755916	-0.940571479495241	0.180375597321667
0.0256541759226975	-0.13622934041684	-0.97312310608222	0.183888146644127
0.00254976347718731	-0.016395028877845	0.982983760490407	-0.182941598184892
0.0310023548694289	-0.168660394172525	0.969068466300986	-0.177479105956654
0.057887206129281	-0.320273937703898	0.930568507033232	-0.167678054354549
0.0826024559211115	-0.466644057903963	0.867047801177193	-0.153779933582109
0.104940197016154	-0.60216350325083	0.779695645186036	-0.135872628887608
0.123890073684409	-0.723823666709732	0.669042735634997	-0.114509244375252
0.138940614468292	-0.827057068432265	0.537135061217769	-0.0903218534906441
0.149647849436279	-0.907611892057785	0.386990907999676	-0.0639078373908201
0.155507998773087	-0.961806817441132	0.2223851524755	-0.0359131201623923
0.156304855618098	-0.986573088424949	0.0467560781571493	-0.00749683007847486
0.151815064078097	-0.979080523084262	-0.133896255469582	0.0206230067457735
0.14216215247075	-0.937758369200747	-0.313274714113626	0.047519647472016
0.127698851100829	-0.861371091035043	-0.486377204532583	0.0719031422658099
0.108592156502768	-0.751233735163969	-0.644334978904345	0.0932097294170899
0.0857722603816775	-0.608481210580533	-0.781196285969444	0.110118565678154
0.0599324089829927	-0.436684375635032	-0.889288816043533	0.121984687931023
0.0321525040054384	-0.24058027238625	-0.961586376201601	0.128214625250831
0.00364024101137318	-0.0285528260980218	-0.991308637224445	0.128369274093952
0.0241166291668467	-0.191917998491631	0.973490023084404	-0.12207802835777
0.0496510667771888	-0.409496649087879	0.904334252121112	-0.109666888322025
0.0715259435655943	-0.612041928791739	0.782249795744609	-0.0915094194903317
0.0882805251324339	-0.785417744729222	0.608798030523776	-0.0684870292623097
0.0986504890197869	-0.914899381519277	0.389192499990102	-0.0419094340603158
NaN	NaN	NaN	NaN
0.0962692997631242	-0.984343388856343	-0.146940943641417	0.0144455467081456
0.0832011388743008	-0.898652421226915	-0.428864882479122	0.0397027566951224
0.0627081143087535	-0.722487043632311	-0.685941008568649	0.0597084327972853
0.036773621617023	-0.455524342188529	-0.886569696810962	0.0716899373928746
0.00819871153981102	-0.111032678300647	-0.991048588345739	0.0736696750121087
0.0190003484591894	-0.281883300966973	0.957105691525063	-0.0642610818826087
0.039499507199502	-0.666816906787291	0.742875341262306	-0.0439457517632629
0.0473537663947295	-0.946517353356694	0.318759416733448	-0.0159673055530724
0.0368684209209843	-0.952435465119179	-0.302275627041452	0.0116982741762709
0.00757353384682091	-0.3386570416181	-0.940643895927499	0.021050197193454
