0	1127	1191
2	403	881
4	263	549
4	252	674
5	90	371
5	285	470
5	431	1331
6	206	495
7	308	1158
12	147	402
12	1468	1563
12	1092	1530
13	328	1188
13	24	545
14	473	888
14	293	1249
17	28	1478
19	251	469
22	65	1236
22	232	979
24	112	129
25	309	1160
25	223	1179
27	535	1436
28	331	669
28	20	1062
30	30	1062
30	386	692
32	1077	1294
32	1334	1379
33	793	1324
35	229	965
37	608	1015
39	572	1286
40	190	1532
41	1069	1513
44	294	680
45	134	497
50	652	832
51	393	1016
51	151	1472
53	63	593
54	103	476
58	565	916
61	523	1247
63	62	1287
64	1140	1296
64	1328	1597
65	1281	1332
66	546	717
68	90	1563
68	451	829
70	293	1363
71	696	730
73	36	1320
76	499	696
80	726	1111
82	1266	1307
83	797	1118
84	682	840
85	1262	1595
88	971	1416
89	628	1135
91	113	1584
91	928	1513
92	833	1533
94	1316	1488
95	861	1469
96	310	739
97	497	1074
99	784	1222
99	137	615
103	103	889
106	198	970
107	217	1153
108	217	1299
110	670	920
111	354	1278
112	883	1341
112	284	1010
113	391	1033
114	375	1378
114	71	602
115	42	336
117	392	1271
117	66	1591
117	90	1282
117	463	850
117	33	840
117	612	1394
117	1045	1343
117	862	1069
117	1087	1423
117	546	774
118	43	149
120	38	332
121	539	1296
121	1529	1622
123	971	1500
125	441	534
127	736	1557
128	91	1156
128	680	1095
128	297	1067
129	474	897
130	326	896
132	769	1181
132	86	1066
133	872	1163
133	121	416
133	1149	1570
136	50	1358
138	1221	1466
138	866	942
141	828	1238
142	29	857
142	1179	1482
142	149	809
143	427	1291
145	583	1500
146	295	1399
147	480	544
147	655	885
148	547	1131
149	56	759
151	666	1554
152	459	648
152	266	1544
153	497	846
154	717	741
154	1373	1461
157	125	1077
159	936	1280
159	982	1622
160	841	1554
162	226	905
164	271	292
165	24	582
165	133	1429
167	399	582
168	381	439
171	525	585
173	603	610
174	28	1592
174	139	1571
175	68	1019
178	1107	1490
179	200	455
180	738	1063
182	260	1251
183	394	1083
186	517	1446
186	278	1061
187	136	169
187	22	291
188	1291	1370
188	854	982
190	1434	1512
190	948	1178
192	1105	1351
192	920	1367
192	645	1287
195	1053	1391
195	200	949
196	232	752
199	966	1153
199	966	1299
199	20	1461
201	1294	1500
204	90	997
206	840	1342
206	79	744
206	30	1461
206	372	1580
206	1016	1379
206	2	1475
206	926	1455
209	346	953
211	1007	1064
212	276	1122
213	489	1610
214	681	1227
214	582	1479
215	499	1247
217	940	1395
218	710	967
220	11	1190
221	881	1335
222	67	110
223	688	1336
225	1125	1216
226	562	1292
226	120	784
227	1558	1559
228	811	1591
229	330	1216
229	976	1094
229	202	896
230	114	970
234	129	1154
234	566	897
234	1053	1377
235	28	517
235	13	1095
236	104	1584
236	1359	1528
236	164	1377
236	384	1042
238	119	194
240	878	990
240	581	755
242	180	781
244	1290	1320
244	332	380
244	317	1399
247	277	883
247	1286	1515
247	258	691
248	692	1257
249	1282	1468
250	501	670
251	184	822
251	108	163
252	1057	1490
253	38	1371
253	341	1295
255	242	1569
255	626	1456
256	850	1354
257	1057	1058
259	800	1493
260	1426	1443
262	3	899
265	1286	1438
266	850	1294
267	892	1409
270	112	950
272	605	928
273	934	1264
273	454	822
273	545	1264
274	214	1168
274	1354	1429
275	346	1487
276	23	1241
276	380	1371
278	745	1192
278	147	1511
279	730	1403
279	891	975
280	909	1059
281	332	472
281	40	164
281	134	894
284	556	1509
286	134	1020
288	355	687
288	38	72
288	314	1510
288	303	794
290	49	1489
291	20	1264
293	849	1214
296	306	1409
296	30	1264
296	993	1280
296	242	801
296	354	610
297	757	1153
298	757	1299
299	392	511
299	58	184
299	1061	1569
300	263	305
301	405	1323
302	241	1510
303	53	836
306	730	1542
308	55	226
308	209	1360
308	1264	1373
310	1401	1498
312	454	1063
313	101	1391
313	338	865
313	1254	1267
314	212	1462
314	1096	1569
315	57	1089
316	867	1013
316	1042	1364
316	116	241
319	1267	1364
322	1069	1628
323	1228	1518
324	650	1388
325	45	198
325	562	847
325	1137	1173
325	1355	1523
327	126	130
329	1266	1329
330	1065	1619
330	1141	1461
331	411	1089
332	242	1014
333	198	897
334	850	1372
334	36	1096
334	216	1144
335	1234	1308
337	1139	1230
338	1058	1107
340	535	653
340	24	1152
340	959	1049
341	422	671
342	341	1294
344	203	478
346	765	876
347	384	710
349	459	768
349	456	1146
353	185	879
354	79	421
355	24	475
355	125	1500
356	590	1521
357	490	1137
358	499	1542
360	934	1373
361	1397	1584
362	868	1439
362	125	850
362	203	1623
363	935	1479
364	1129	1379
366	224	1075
366	276	677
367	240	289
370	415	566
370	881	1466
370	472	1108
372	517	1137
375	105	696
375	262	1381
376	539	1373
377	931	1227
379	332	743
381	1005	1387
384	1226	1472
385	696	1465
386	551	685
387	71	580
388	77	1356
389	1288	1492
391	20	934
391	149	1521
392	196	1319
392	30	934
393	49	262
393	265	1154
395	626	1166
395	472	1188
396	1395	1487
396	1240	1427
397	1346	1523
398	497	801
398	885	1493
399	69	1204
399	179	1384
399	726	1354
401	425	691
401	587	1435
401	512	881
402	130	845
402	543	1567
402	942	1340
402	1145	1629
403	1577	1629
403	503	1272
404	189	1510
405	601	1135
407	604	1349
407	474	726
408	728	1619
411	847	1322
411	26	68
411	385	547
411	1118	1362
412	125	341
413	95	823
413	130	988
414	20	539
416	30	539
417	832	1234
418	1320	1538
418	654	960
419	127	1621
420	774	1482
422	14	153
422	279	1371
424	577	1186
424	169	1574
425	239	970
425	159	761
426	532	556
426	707	1377
426	37	973
427	269	1410
428	404	1438
428	958	1481
428	912	1307
431	159	1131
432	264	553
432	1098	1555
432	846	1044
436	304	704
436	18	608
440	214	1468
441	566	735
442	332	735
444	254	1564
444	375	505
444	278	1586
445	391	404
447	154	1465
449	983	1114
451	864	1338
451	116	1405
453	105	154
453	1478	1557
453	1390	1574
455	954	1486
457	650	1418
459	299	1255
461	130	1227
461	952	1574
462	1400	1590
463	259	1004
464	226	554
466	879	957
468	475	1062
469	1015	1077
470	568	1325
470	1108	1292
470	94	558
470	669	779
473	1206	1597
474	1379	1546
474	376	1122
474	110	612
475	378	1577
476	1083	1306
476	363	411
477	783	983
477	196	435
479	115	1152
480	1049	1465
482	1133	1171
482	989	1074
483	923	1621
485	129	1091
485	507	698
485	36	1020
488	342	701
490	105	1049
491	206	1321
492	259	474
492	36	894
492	1210	1252
493	369	889
496	1111	1617
496	952	1068
496	1490	1517
497	154	1049
497	595	1053
497	839	1073
499	1193	1545
499	265	1008
500	209	393
501	36	1123
501	982	1529
501	137	852
501	946	1127
501	1188	1214
501	545	1557
503	92	1437
507	745	949
507	280	947
508	1026	1301
508	76	137
508	169	194
510	219	710
510	865	1548
511	590	808
511	342	636
512	78	264
512	200	757
512	839	1213
512	895	1569
513	34	700
514	771	842
514	151	1548
515	1172	1189
515	559	1225
516	78	1619
517	268	1547
518	26	1159
519	129	200
522	90	214
524	321	1087
526	79	553
526	136	1599
526	995	1053
527	1122	1366
527	628	1228
527	480	828
528	573	1186
530	350	964
534	98	764
534	566	887
536	680	1341
538	995	1391
539	320	1461
540	182	194
541	546	1466
542	275	741
544	341	452
546	15	788
548	358	1295
548	1151	1354
548	436	497
550	873	1145
552	300	1368
552	1306	1575
552	292	782
552	130	1135
553	989	1569
553	960	1094
554	311	500
555	134	989
556	179	496
558	323	410
560	218	731
561	352	1229
561	903	1380
562	72	176
562	98	363
564	1207	1281
565	288	1405
566	126	931
566	32	1082
568	275	1331
568	385	1131
570	116	1330
574	65	1335
574	1359	1389
574	892	1145
576	362	814
577	1054	1602
577	1111	1387
578	644	1365
578	238	1295
581	115	736
581	69	947
582	730	1247
582	860	1275
583	85	805
586	1004	1023
586	94	1366
587	117	1061
589	210	559
589	328	848
590	497	629
592	62	930
594	442	1158
594	1121	1287
596	264	564
597	713	1364
598	169	1207
598	537	867
598	274	1139
598	385	589
599	1359	1404
600	619	873
600	640	718
600	485	538
601	1026	1206
601	1004	1152
603	182	993
606	1273	1502
607	838	1147
609	460	569
610	1510	1596
610	168	1397
611	543	1088
613	200	966
613	943	1133
614	807	1537
614	40	936
616	835	1069
617	228	511
618	826	1117
621	964	1090
623	862	891
625	971	1592
626	575	1609
627	998	1117
629	613	752
632	263	822
635	10	1441
636	410	968
637	1205	1432
637	332	1459
639	279	580
643	687	1310
643	628	1159
645	668	1529
645	19	1627
646	134	1123
648	300	590
649	1316	1438
650	588	698
651	190	1054
653	929	1012
653	653	1236
653	728	822
654	854	912
656	1048	1153
656	1048	1299
658	1049	1232
659	71	1591
660	1463	1560
661	695	1445
661	347	1620
663	358	1459
663	499	1403
665	591	829
665	1068	1281
665	526	1054
666	225	638
668	975	1535
670	345	913
672	93	921
673	56	929
673	523	1620
673	247	1628
674	200	685
674	497	1353
674	337	713
674	1446	1450
676	176	1137
678	801	895
678	112	1008
679	397	928
680	125	358
680	161	493
681	931	1258
684	27	1492
685	545	1387
687	824	1247
688	172	1289
688	610	1358
689	13	691
690	225	540
691	650	1232
691	486	960
693	691	1225
695	1464	1506
696	808	987
697	342	663
698	36	1061
699	1234	1455
699	259	1271
700	262	519
700	175	1352
700	1295	1500
700	16	1428
700	932	989
701	28	1173
702	139	1265
705	319	1192
705	1510	1598
706	204	297
706	1192	1451
707	160	1413
708	1	944
710	557	1131
710	65	486
710	575	987
711	277	1106
711	93	427
712	636	883
713	190	1602
714	551	553
715	155	240
715	27	1398
716	444	1561
718	39	75
721	892	1486
722	123	1447
726	356	1187
727	39	491
728	69	1597
728	513	1284
729	838	1148
730	65	403
731	433	838
732	371	1468
732	607	869
733	733	779
735	1332	1546
735	1345	1614
737	399	1500
737	997	1308
738	1282	1420
739	188	315
741	811	1188
742	77	95
744	923	1039
745	528	903
745	77	1461
746	1230	1386
746	812	1230
747	1575	1601
747	1413	1474
747	630	1205
747	268	718
747	1053	1405
748	206	1413
748	642	1406
748	233	1451
748	263	1217
748	845	1019
748	329	1293
750	735	1371
751	376	1317
753	1178	1403
754	736	1004
754	596	785
755	387	909
755	149	1289
755	808	1609
756	546	772
756	1173	1557
756	266	1561
757	223	1331
759	1077	1295
763	1397	1472
763	358	1294
763	80	461
764	1110	1244
767	38	392
767	1616	1618
767	547	1516
768	61	1362
769	330	1355
770	388	1509
771	1015	1152
773	204	478
773	430	923
774	680	701
776	832	1054
777	447	1396
778	199	971
778	1047	1357
778	359	927
779	887	1200
779	1109	1215
780	129	1192
781	557	732
782	1004	1429
782	1008	1048
782	39	521
782	581	1173
783	505	1028
783	914	1547
784	692	1517
785	117	224
785	800	1199
786	13	692
786	704	1019
788	452	1387
789	932	1046
789	418	1069
789	703	866
790	165	298
791	340	1308
791	198	1108
791	517	851
791	1258	1520
791	90	834
791	136	1207
791	647	1396
791	468	1097
792	616	687
792	937	1563
794	199	399
795	602	682
796	593	1540
800	127	1328
801	466	727
801	1154	1418
802	803	889
802	455	823
803	392	735
804	391	543
804	291	782
805	43	874
807	317	1060
807	653	937
807	33	602
807	55	778
807	849	1591
807	272	1433
808	1046	1241
808	218	1421
809	711	891
810	857	968
812	426	1108
813	978	1471
813	305	822
814	331	1314
815	283	789
816	415	921
817	331	1183
819	684	1296
820	557	659
820	3	1504
821	343	1080
821	353	1080
821	164	244
822	532	1510
823	1102	1308
823	436	989
824	150	1553
826	47	1553
827	861	902
827	270	1108
828	136	1113
829	180	1538
830	444	1624
832	22	438
832	820	1368
833	801	1061
834	25	1388
838	95	1190
840	25	1405
841	355	377
841	435	1551
842	86	303
843	524	1248
844	61	594
845	1019	1519
845	452	1151
846	405	1090
846	82	1211
846	137	650
846	325	1427
847	1123	1242
847	177	1230
848	616	1117
849	201	1509
852	988	1441
856	199	583
857	783	1222
860	1109	1110
860	940	1156
863	552	1560
864	207	326
865	1043	1583
865	186	1152
868	43	1073
871	34	1516
871	136	1332
872	954	1629
872	461	1542
874	431	773
874	279	332
874	868	1518
876	420	1230
877	202	1323
879	323	1159
880	38	504
881	190	652
881	274	633
882	580	1493
883	630	1432
883	374	1136
883	779	1366
885	652	1562
885	801	989
887	1005	1141
887	34	589
889	309	1125
889	1568	1585
889	1147	1339
889	1058	1288
891	1135	1258
891	1018	1336
891	143	1220
891	277	471
892	60	1623
892	492	949
892	1085	1117
892	433	1339
895	950	1008
896	310	492
897	606	613
898	953	1363
900	743	1371
900	1159	1227
900	186	736
902	440	1452
905	367	763
905	202	207
906	469	1084
907	342	1341
908	699	938
909	1187	1396
909	384	1456
911	1105	1424
912	596	708
913	26	1441
915	289	482
918	213	1347
919	987	1228
922	666	766
922	213	283
922	166	400
923	349	1119
923	498	1062
924	241	707
924	14	900
925	1563	1602
925	432	616
926	1109	1497
926	1108	1459
926	762	1257
928	1041	1219
928	781	1538
928	835	1094
928	654	835
930	934	1062
931	323	1135
931	139	1231
934	223	774
935	513	1362
936	190	1179
937	209	289
938	122	208
939	341	1354
940	126	1159
940	74	346
941	154	461
942	385	631
942	884	893
942	77	738
942	1070	1196
942	153	1465
943	441	1128
943	27	1369
943	154	523
943	115	935
946	238	1354
947	105	153
950	93	332
952	39	550
953	1519	1609
955	88	914
957	832	937
958	1207	1279
959	736	1015
959	261	1315
959	850	1295
961	675	1432
961	1354	1500
962	356	647
962	20	1387
963	444	924
965	525	596
971	30	1387
974	172	613
976	516	921
978	695	1615
980	247	710
982	545	1024
983	315	1101
984	380	1591
985	935	1373
986	846	989
986	488	1567
988	20	935
989	1373	1387
991	30	935
992	1394	1628
994	679	1072
994	1229	1242
996	180	944
997	142	564
998	684	1063
998	848	1188
1001	691	1550
1002	2	1522
1003	426	1371
1004	883	1170
1004	468	1476
1005	258	636
1008	877	1173
1008	475	1140
1010	175	404
1010	119	1574
1010	1035	1368
1012	1467	1534
1012	321	1580
1012	1513	1535
1013	984	1009
1017	1442	1521
1020	131	409
1021	51	1181
1022	727	1099
1025	67	612
1027	105	852
1027	852	1465
1027	574	864
1027	374	848
1027	189	241
1028	455	1048
1028	378	798
1029	764	1269
1029	809	1398
1029	114	1372
1031	694	1004
1031	457	1098
1031	1015	1592
1032	225	853
1033	1036	1199
1033	260	927
1033	1023	1617
1033	655	1199
1033	663	1550
1033	1546	1599
1034	40	1220
1034	1371	1459
1035	276	689
1035	726	1557
1035	917	976
1037	303	1390
1037	1002	1498
1038	1286	1316
1039	69	1481
1039	554	1070
1039	18	736
1039	3	1448
1042	358	415
1043	241	314
1043	211	723
1043	1045	1426
1043	18	935
1045	951	1304
1046	426	849
1046	171	262
1047	603	1039
1047	321	1423
1047	732	1285
1048	976	1069
1049	452	1446
1051	410	987
1052	1226	1584
1054	467	832
1055	184	305
1057	701	1106
1058	1453	1623
1059	1049	1178
1061	734	1096
1063	40	215
1063	307	807
1064	11	1005
1066	619	634
1066	259	694
1069	651	1529
1069	134	1242
1069	8	792
1069	1118	1284
1070	190	983
1070	187	1622
1070	211	236
1070	264	823
1071	702	762
1073	232	1521
1073	89	1353
1075	1467	1547
1079	958	1278
1082	533	625
1082	991	1232
1082	1077	1372
1083	133	199
1084	745	813
1084	159	942
1084	92	961
1085	1131	1316
1087	931	988
1088	440	1376
1089	133	498
1090	176	1354
1091	301	743
1092	1004	1077
1092	231	349
1092	403	1467
1092	935	1024
1094	121	1508
1094	472	682
1095	706	1388
1096	608	1479
1097	1135	1228
1098	839	869
1098	142	152
1099	834	937
1100	979	1198
1101	359	903
1102	402	1601
1103	543	761
1104	548	1355
1107	95	768
1108	488	1088
1110	642	882
1110	206	1522
1111	1321	1586
1113	392	427
1116	699	961
1116	580	1413
1119	555	810
1120	626	1042
1121	33	472
1122	600	646
1122	906	1470
1125	739	949
1126	927	961
1128	1098	1124
1129	970	971
1131	230	952
1131	11	212
1134	130	1019
1137	63	1355
1137	451	489
1138	410	601
1138	286	514
1138	692	702
1139	224	655
1141	425	636
1141	732	1254
1142	1128	1155
1145	369	1375
1145	619	863
1145	486	1180
1147	1136	1413
1148	813	1451
1149	759	1012
1150	225	441
1152	654	975
1152	1096	1538
1152	1047	1447
1152	11	1461
1152	975	1513
1153	1377	1545
1154	685	728
1155	346	1267
1156	306	1195
1156	700	1567
1156	1478	1592
1156	762	1517
1156	360	660
1156	504	887
1157	1496	1612
1158	928	1536
1159	323	704
1159	725	1021
1161	311	1209
1163	13	663
1163	368	1443
1164	1171	1198
1164	123	683
1164	557	1565
1164	336	1248
1167	320	1005
1167	823	1153
1167	823	1299
1167	834	1468
1167	67	953
1168	249	893
1169	461	1091
1171	809	820
1172	335	771
1174	802	1149
1175	45	72
1175	744	1063
1175	426	1188
1175	194	1053
1175	111	1374
1175	847	1342
1177	868	1609
1177	700	761
1177	1042	1628
1180	228	1059
1180	964	1556
1181	1091	1418
1181	201	335
1182	818	1196
1182	1426	1427
1183	1051	1378
1184	1088	1516
1185	374	932
1188	112	1619
1191	931	1441
1192	140	1440
1195	89	932
1196	1360	1546
1196	685	739
1196	1061	1075
1197	194	1280
1197	571	710
1197	123	648
1199	603	1597
1200	1034	1340
1201	1005	1373
1202	540	1028
1203	412	1002
1203	458	858
1205	580	885
1206	740	1027
1206	259	970
1208	124	948
1209	895	1061
1210	129	553
1210	950	1065
1211	7	248
1212	474	1294
1212	551	728
1214	36	1046
1214	1335	1467
1214	1430	1502
1214	669	1018
1215	877	1478
1215	319	1091
1217	294	762
1218	938	1514
1218	125	238
1218	175	1013
1219	602	1612
1219	932	1242
1221	1179	1511
1221	501	1133
1222	308	617
1223	323	790
1224	1445	1615
1224	13	636
1224	586	1391
1225	745	1091
1226	20	1005
1228	30	1005
1230	575	590
1231	1106	1170
1232	629	989
1234	671	727
1236	290	614
1239	1368	1398
1239	1306	1307
1239	772	1482
1240	37	1113
1240	89	895
1242	758	1233
1242	1200	1459
1244	114	694
1245	319	1620
1245	123	623
1249	457	1001
1249	42	440
1250	23	1569
1251	338	1031
1251	338	1032
1252	25	1330
1252	239	921
1253	1086	1253
1255	250	1589
1256	225	1378
1258	432	1251
1259	58	263
1260	1234	1532
1260	232	1369
1261	113	1367
1261	332	426
1263	1106	1490
1264	1562	1602
1266	1157	1238
1267	348	993
1268	705	1345
1269	1024	1617
1272	692	1490
1272	652	1563
1272	1106	1341
1273	374	1229
1273	756	1612
1274	1082	1191
1275	1331	1482
1275	461	1192
1278	194	1405
1279	603	722
1279	697	915
1281	557	1395
1283	202	503
1283	968	1159
1284	1133	1397
1284	152	1452
1284	436	846
1284	991	1178
1284	772	774
1287	224	886
1287	401	1553
1288	68	628
1288	187	1007
1290	451	1044
1291	319	492
1295	795	1420
1295	540	1051
1295	210	680
1296	926	983
1296	74	1578
1298	100	859
1298	1015	1151
1300	499	1049
1302	237	1480
1304	358	427
1306	511	1291
1307	386	762
1307	378	1310
1310	29	931
1311	959	991
1312	455	728
1313	475	684
1313	1417	1499
1313	217	728
1313	446	759
1313	247	835
1314	941	1382
1315	32	1262
1315	833	1308
1315	392	504
1316	384	835
1316	1175	1524
1317	18	1152
1319	936	1220
1320	1019	1135
1320	739	1418
1320	354	1481
1320	874	1035
1323	386	680
1326	52	155
1329	154	991
1330	17	712
1330	305	728
1331	10	628
1331	172	1035
1331	1206	1358
1332	380	602
1333	184	1217
1333	1266	1622
1336	77	684
1336	636	1225
1338	1008	1300
1338	97	696
1339	993	1405
1340	1436	1627
1341	680	702
1341	9	360
1343	952	1390
1344	176	1295
1346	871	1023
1348	89	1241
1350	1274	1502
1350	629	1353
1350	615	649
1350	17	873
1351	100	1023
1351	960	1534
1353	516	877
1355	350	1556
1355	1320	1610
1355	38	270
1357	112	757
1359	850	1015
1360	97	1508
1362	5	546
1364	180	1353
1364	125	474
1364	238	1294
1364	397	862
1366	65	937
1367	989	1353
1367	470	1361
1367	738	823
1368	683	1447
1368	1133	1226
1370	1109	1415
1370	52	136
1370	112	518
1372	504	1370
1375	322	1122
1378	223	1562
1380	943	1226
1381	66	1022
1381	490	877
1381	1043	1095
1383	909	1148
1384	388	440
1384	352	848
1384	11	935
1384	1043	1288
1385	555	1495
1387	29	1019
1389	323	764
1389	1296	1356
1391	1301	1597
1391	465	1026
1393	235	1211
1394	78	685
1395	1241	1320
1397	1578	1628
1399	637	1101
1401	1170	1550
1401	388	1040
1402	268	1166
1403	438	782
1404	170	773
1405	535	1180
1405	859	871
1405	1525	1616
1405	121	296
1408	7	988
1409	1335	1348
1410	754	877
1412	936	993
1412	869	893
1413	57	601
1415	868	1159
1416	459	623
1418	134	1014
1419	301	850
1420	370	371
1420	310	745
1421	112	966
1422	730	1049
1423	293	1456
1423	497	932
1423	70	409
1423	538	548
1423	43	1521
1423	991	1465
1423	580	1199
1423	663	1225
1424	105	991
1424	255	666
1425	787	1288
1425	776	1069
1427	466	1450
1428	239	694
1429	301	694
1431	234	1528
1432	357	857
1432	106	1566
1432	395	1533
1434	1340	1606
1435	482	1379
1436	209	1068
1436	74	91
1438	187	729
1439	304	411
1440	116	1388
1442	758	842
1442	523	1403
1443	359	599
1444	358	743
1444	1006	1374
1447	983	1625
1451	526	1455
1452	953	1267
1452	521	1127
1454	822	1463
1454	224	328
1454	654	976
1455	181	287
1455	1132	1352
1456	404	589
1457	19	65
1458	245	1100
1458	307	515
1458	405	1344
1458	20	115
1459	626	1628
1461	30	115
1462	562	840
1462	75	1127
1463	564	1040
1465	632	987
1465	54	987
1465	384	709
1467	491	1127
1467	1014	1149
1467	1085	1350
1468	1020	1241
1468	390	1168
1469	387	1148
1470	119	209
1470	367	1439
1471	93	1371
1472	894	1241
1472	41	1443
1474	625	1331
1475	885	1136
1476	141	1472
1478	298	1085
1478	403	1348
1479	7	1258
1481	1158	1471
1481	1174	1346
1482	1095	1107
1482	369	1276
1482	80	900
1484	115	1373
1485	1247	1620
1486	847	1591
1486	132	611
1487	345	797
1489	186	1429
1490	78	200
1491	1258	1519
1492	769	1144
1494	1326	1448
1495	367	529
1495	602	1292
1495	735	1291
1495	591	1290
1496	414	503
1497	1321	1342
1497	588	861
1500	66	1214
1501	45	427
1501	245	1028
1501	78	1300
1502	1096	1610
1503	862	1535
1503	144	1104
1503	937	1282
1503	500	524
1505	295	313
1507	80	609
1508	419	865
1510	295	555
1510	730	1178
1511	93	756
1513	440	1040
1516	584	1452
1516	185	1139
1517	199	1294
1518	1465	1620
1518	467	1114
1518	605	1364
1519	1143	1435
1520	846	1046
1522	497	1044
1522	262	1237
1523	105	1620
1523	559	663
1525	41	920
1527	632	968
1527	54	968
1527	74	1030
1530	108	531
1531	625	1530
1531	198	887
1532	415	1354
1533	352	1415
1534	610	1204
1536	996	1307
1536	257	404
1537	463	694
1538	112	455
1538	1113	1574
1539	518	728
1539	273	1423
1539	1108	1370
1541	328	840
1543	846	1074
1543	225	1100
1543	445	1068
1545	522	1359
1546	829	1610
1546	385	942
1550	279	1292
1550	1075	1586
1551	1316	1565
1551	378	527
1552	1420	1563
1552	279	1136
1553	498	1081
1554	264	551
1554	301	756
1557	969	1098
1558	929	1487
1560	562	1188
1560	176	239
1560	631	866
1563	425	663
1563	595	1392
1564	312	1515
1564	1236	1534
1566	24	1005
1567	1297	1460
1570	624	1449
1571	2	909
1571	29	1258
1572	1286	1488
1572	792	1476
1572	1129	1603
1577	435	1384
1579	739	1619
1580	1128	1281
1582	437	981
1583	964	1614
1583	700	1088
1583	62	1470
1583	27	979
1583	953	1578
1584	333	1557
1585	1150	1415
1585	87	364
1586	598	917
1586	435	1586
1587	295	1611
1587	24	1373
1588	388	556
1590	5	275
1593	1141	1264
1593	7	790
1594	505	1051
1596	3	1326
1596	238	877
1596	541	1533
1596	1141	1462
1596	425	1170
1599	67	1254
1601	506	596
1602	176	566
1603	786	817
1605	506	1393
1605	183	558
1606	358	516
1606	24	1461
1608	554	1055
1609	271	458
1609	655	1188
1612	1132	1472
1614	273	1195
1616	974	1168
1617	1091	1451
1618	269	1130
1620	813	1218
1620	24	30
1622	1438	1470
1625	20	24
1625	23	801
1627	930	1033
1628	200	1008
1629	580	1292
1631	699	927
1633	421	757
1633	13	1490
1635	166	606
1637	328	1229
1637	658	769
1637	916	1349
1637	953	1156
1638	447	856
1639	248	1258
1639	96	898
1641	1464	1507
1641	568	880
1643	33	279
1644	618	952
1645	567	568
1647	418	1267
1648	919	1169
1648	415	1015
1648	125	199
1650	421	549
1650	341	1015
1651	129	1418
1651	391	761
1651	801	1538
1652	537	703
1652	164	556
1652	1199	1474
1652	279	682
1653	199	320
1654	399	970
1654	680	1257
1655	117	1586
1655	41	501
1656	928	1042
1657	348	1377
1658	474	1354
1659	125	176
1660	258	1170
1661	148	697
1662	586	708
1662	399	1416
1662	636	1550
1664	229	1162
1664	422	656
1665	1334	1603
1667	843	1114
1673	253	1008
1673	602	847
1673	415	1294
1675	832	1282
1676	706	1279
1678	1035	1289
1680	347	1542
1681	256	343
1682	256	353
1683	186	341
1684	981	1372
1686	1395	1488
1687	552	822
1687	989	1044
1687	357	663
1688	192	457
1688	499	852
1690	753	1589
1690	18	1617
1693	734	1320
1693	192	666
1693	526	997
1693	573	1365
1694	513	594
1696	258	663
1696	58	421
1697	301	415
1698	248	1609
1698	615	1388
1699	168	1491
1700	248	857
1702	657	1235
1704	80	992
1704	85	493
1705	295	401
1705	384	571
1706	378	635
1708	649	1091
1709	240	393
1713	358	1592
1714	86	794
1714	133	608
1714	84	1377
1714	529	868
1714	1041	1066
1714	550	622
1715	371	1627
1716	145	804
1716	143	388
1716	346	1030
1716	391	1132
1718	25	40
1719	1473	1520
1721	248	1441
1722	609	1219
1722	463	1004
1723	512	1348
1723	943	1491
1725	125	415
1727	1316	1515
1727	154	499
1727	659	1565
1728	230	1390
1728	441	1333
1731	197	1272
1732	565	915
1732	36	1353
1732	421	966
1732	1108	1214
1734	985	1537
1734	474	1023
1736	348	1545
1736	551	1190
1737	800	1270
1737	319	1451
1739	259	1015
1742	715	1554
1742	557	1313
1743	499	1178
1745	795	1179
1746	6	1133
1746	1156	1267
1748	1328	1621
1748	767	1274
1748	553	739
1751	265	739
1754	1048	1065
1755	885	1474
1755	1136	1292
1757	663	883
1758	364	1594
1760	546	795
1760	830	958
1761	958	1327
1761	824	959
1761	48	1001
1762	198	427
1762	1082	1480
1762	313	1399
1762	776	1513
1763	664	1352
1763	318	1275
1764	300	968
1765	809	1521
1765	214	641
1766	216	1181
1766	901	916
1769	757	822
1769	176	1294
1769	112	685
1770	573	1582
1770	1216	1523
1771	1126	1445
1773	133	726
1775	380	849
1776	435	496
1777	28	754
1777	380	756
1777	1223	1603
1777	74	1312
1778	772	795
1779	286	372
1781	2	434
1784	91	732
1785	1059	1318
1786	736	1479
1787	1113	1207
1787	115	1429
1787	394	1467
1787	316	1235
1788	31	61
1790	415	1004
1792	606	1035
1792	14	1620
1792	694	1372
1793	175	547
1795	862	976
1796	420	812
1797	420	1386
1799	871	1081
1799	957	963
1799	1079	1540
1801	46	734
1803	787	1608
1805	130	529
1806	1194	1578
1807	1175	1274
1808	507	861
1808	309	567
1809	906	930
1809	256	1265
1810	320	1429
1811	128	540
1811	698	1182
1811	381	1328
1812	1061	1074
1815	570	747
1815	147	512
1815	920	1133
1815	660	807
1815	544	1238
1815	178	1469
1816	198	504
1817	130	1159
1818	1516	1567
1820	100	1081
1823	329	412
1823	1061	1123
1824	583	1387
1825	534	1155
1825	493	1252
1825	608	1557
1828	327	849
1829	990	1344
1829	40	116
1830	899	1571
1830	6	1607
1831	517	877
1831	1188	1292
1831	1061	1242
1831	199	1295
1833	161	284
1835	1158	1605
1836	175	1516
1838	1124	1613
1839	64	498
1840	289	1360
1840	67	1408
1841	934	1387
1841	337	917
1844	1136	1493
1845	663	1107
1846	681	1019
1846	140	236
1847	39	622
1849	374	580
1849	541	686
1849	92	927
1850	498	1023
1851	239	897
1854	1062	1296
1854	1096	1241
1855	322	1317
1855	59	1529
1856	391	646
1857	188	637
1858	733	837
1858	640	1547
1858	421	459
1859	350	1000
1860	427	516
1860	155	1016
1861	663	1170
1861	35	1556
1863	866	1034
1865	753	1568
1865	29	1609
1866	462	661
1867	631	1340
1867	66	426
1868	233	948
1870	716	870
1873	473	1098
1874	355	916
1875	74	1285
1875	1214	1371
1875	402	1466
1875	222	1302
1875	730	852
1876	1136	1199
1876	637	1306
1876	1220	1377
1876	1475	1493
1876	428	1372
1877	1100	1128
1879	632	1019
1880	54	1019
1880	105	1403
1881	330	1523
1883	344	1007
1883	1403	1465
1883	1161	1297
1884	377	1349
1884	699	903
1885	46	944
1886	447	574
1886	641	937
1886	538	1523
1887	242	1242
1888	178	1250
1888	559	1608
1889	1202	1559
1891	261	487
1892	13	559
1892	1136	1188
1893	474	1295
1894	830	1374
1896	1327	1374
1897	892	954
1898	165	826
1898	153	347
1898	601	764
1898	165	998
1899	346	1408
1899	399	1294
1900	693	1428
1901	31	1250
1902	1099	1450
1903	797	804
1905	399	463
1905	380	1108
1906	1398	1608
1908	1030	1156
1909	85	1010
1909	913	1422
1912	475	1356
1912	923	1328
1914	1357	1447
1915	1058	1095
1917	168	1367
1918	535	1094
1920	1482	1562
1921	728	1217
1921	640	914
1922	68	1227
1924	945	1611
1927	553	1048
1928	748	1143
1929	121	1041
1929	198	358
1929	30	199
1930	502	1414
1931	1082	1127
1931	142	1040
1931	20	199
1931	739	1154
1931	603	1301
1931	404	1088
1932	238	1137
1932	420	633
1932	153	499
1934	346	940
1937	775	1531
1937	233	745
1938	835	1535
1940	143	164
1940	809	1289
1942	159	1567
1944	822	966
1945	495	1551
1945	485	1355
1946	1494	1538
1947	199	1373
1947	212	584
1948	950	1153
1949	950	1299
1949	1242	1322
1950	606	1521
1950	392	1137
1950	968	1135
1951	1573	1623
1953	1214	1612
1955	417	983
1958	57	988
1958	982	1307
1959	622	946
1959	587	1093
1959	1497	1498
1960	267	1209
1962	608	1111
1962	481	1494
1963	1266	1306
1963	404	646
1965	265	1091
1965	278	1241
1967	1015	1429
1967	240	1332
1968	1043	1398
1969	835	975
1969	396	915
1970	1044	1353
1970	223	772
1972	526	1234
1972	95	263
1972	24	1296
1973	67	1410
1974	28	392
1974	857	1135
1975	627	927
1976	324	1134
1979	252	1112
1979	1276	1506
1979	188	854
1980	281	1625
1982	354	1039
1982	186	1151
1983	618	706
1986	651	1541
1988	690	1157
1989	512	1467
1990	760	939
1991	732	1156
1991	420	1172
1993	1192	1418
1995	822	1217
1996	247	1456
1996	327	1612
1996	419	1287
1997	154	730
1997	760	777
1998	351	1204
1999	946	1082
2000	800	1474
2001	125	399
2002	259	566
2002	1152	1479
2002	210	868
2003	975	1042
2005	253	728
2005	193	412
2007	352	520
2008	68	126
2009	95	966
2009	652	1511
2010	377	697
2011	281	1533
2012	458	720
2015	240	1599
2016	913	1512
2017	7	126
2018	843	983
2021	629	894
2021	629	1020
2021	1170	1608
2021	548	1346
2023	430	1204
2024	38	45
2025	371	937
2026	874	1442
2027	28	176
2027	619	712
2030	963	1272
2031	131	383
2032	379	1584
2034	930	1287
2035	1505	1560
2037	4	911
2037	410	1518
2037	380	562
2037	21	911
2037	485	1037
2037	340	1533
2037	756	1372
2038	63	933
2038	516	754
2038	430	1328
2038	64	871
2038	346	1312
2038	30	341
2039	842	1052
2040	20	341
2040	791	1475
2044	921	1459
2045	784	1532
2047	1348	1627
2048	1170	1225
2048	68	857
2048	21	1141
2048	4	1141
2049	927	938
2051	755	877
2051	1120	1145
2052	23	1586
2053	576	1328
2053	935	1111
2053	722	1301
2054	451	801
2055	542	1132
2055	582	1151
2055	117	328
2055	443	498
2056	652	1054
2058	1292	1477
2058	336	1052
2060	247	1166
2060	299	1157
2060	797	913
2062	108	173
2062	823	1217
2064	1547	1601
2064	7	1239
2067	1484	1602
2071	996	1306
2071	525	586
2072	1176	1558
2073	1277	1481
2075	311	1406
2076	1065	1509
2076	869	1213
2076	341	1373
2076	980	1110
2078	64	100
2080	457	969
2080	949	1451
2081	98	704
2083	1054	1532
2084	1502	1525
2086	95	757
2086	559	1057
2087	410	1228
2087	1542	1620
2088	1014	1494
2088	351	407
2089	50	69
2090	1218	1505
2091	427	1200
2092	351	408
2092	601	1269
2093	455	551
2094	237	1262
2094	1035	1369
2094	959	1465
2094	640	912
2094	80	154
2096	128	853
2096	1121	1516
2100	105	959
2101	88	640
2102	332	1214
2103	988	1159
2105	259	1592
2105	1221	1601
2105	205	664
2106	1538	1569
2106	378	643
2106	451	1569
2106	153	730
2107	1033	1438
2108	426	1612
2109	34	404
2111	277	342
2112	956	1539
2114	549	1463
2114	154	900
2115	222	1508
2117	164	348
2119	10	1228
2121	354	947
2122	142	911
2122	1033	1287
2124	743	1108
2124	67	1564
2125	1204	1621
2126	1292	1371
2131	1009	1379
2131	79	768
2132	1321	1413
2132	409	1624
2132	399	1354
2133	224	1199
2134	468	1021
2134	452	1264
2136	393	482
2139	199	1354
2139	529	1269
2140	449	1239
2142	848	886
2142	492	1418
2144	301	566
2144	72	1370
2145	176	238
2145	757	768
2145	23	89
2148	1369	1398
2148	774	1420
2151	415	1295
2152	455	950
2153	304	1520
2154	659	1254
2156	428	1416
2161	1215	1498
2162	830	1375
2163	1327	1375
2166	229	1560
2168	626	709
2169	349	1145
2169	45	270
2170	474	1077
2170	788	1246
2170	288	1377
2170	1078	1416
2171	404	1121
2171	74	1156
2172	499	991
2174	187	1541
2175	456	985
2177	10	300
2177	194	215
2181	591	1538
2182	944	1096
2183	6	379
2184	501	1584
2184	935	1461
2186	726	1004
2186	129	310
2187	341	582
2187	742	792
2188	347	991
2189	187	1529
2190	66	602
2190	56	905
2192	68	1228
2196	7	1227
2196	817	863
2198	1502	1618
2200	37	169
2200	129	265
2200	735	1271
2200	1251	1350
2201	140	211
2202	214	997
2203	243	821
2206	1178	1465
2206	105	1178
2208	159	1088
2209	844	1471
2210	239	358
2213	429	1501
2213	905	1055
2214	646	1516
2214	248	987
2215	382	746
2215	198	1271
2216	456	1182
2216	611	1224
2217	788	1112
2218	18	545
2218	585	1391
2220	861	1604
2220	832	1484
2222	843	1532
2225	767	1502
2226	34	488
2226	24	498
2228	664	1226
2228	1020	1074
2230	632	1518
2230	54	1518
2230	65	1017
2231	46	1290
2233	894	1074
2233	652	1484
2235	476	1403
2236	850	1004
2236	44	913
2238	250	1090
2240	664	1491
2240	1159	1441
2240	430	603
2240	194	1391
2240	351	1621
2243	1074	1123
2243	1	46
2243	690	1238
2244	328	1075
2245	343	464
2245	353	464
2245	30	1151
2246	20	1151
2247	787	809
2247	1479	1617
2247	526	1468
2247	1332	1360
2249	1046	1353
2251	736	1111
2253	269	612
2256	1053	1193
2257	245	1027
2258	987	1519
2261	375	1050
2265	398	754
2266	305	421
2266	118	1481
2269	270	358
2269	808	968
2269	601	704
2269	509	919
2269	330	1079
2270	563	1571
2272	61	1361
2273	1177	1275
2276	730	991
2276	527	1310
2278	368	875
2278	350	1201
2279	1151	1373
2279	39	1082
2280	1156	1312
2281	490	755
2282	563	1448
2283	1044	1123
2284	532	1154
2285	313	1495
2287	743	1370
2287	679	1056
2287	149	166
2287	295	317
2289	293	1578
2290	122	1359
2290	436	1123
2291	796	854
2292	411	1473
2292	439	1204
2292	115	545
2293	133	539
2294	450	955
2295	911	1040
2296	347	1451
2297	641	1455
2297	930	1438
2298	1198	1584
2298	768	966
2299	110	732
2300	799	873
2301	649	650
2301	136	445
2301	366	469
2302	58	648
2302	10	808
2302	1060	1213
2303	436	1061
2303	599	1514
2303	430	1597
2304	244	388
2305	305	768
2306	820	1035
2307	502	1229
2308	894	1242
2310	886	1188
2310	101	1360
2312	243	485
2313	938	1437
2314	1020	1242
2316	342	680
2317	257	1516
2317	335	388
2318	1004	1294
2320	527	1119
2320	258	1490
2324	686	1308
2324	61	698
2324	32	237
2324	1208	1235
2324	663	1341
2325	200	518
2325	429	453
2327	711	1283
2328	10	1442
2331	186	1557
2332	1060	1611
2333	93	1459
2333	472	849
2334	286	1087
2335	789	1347
2336	217	1048
2336	791	1522
2337	1199	1493
2337	1164	1304
2337	1364	1536
2337	370	535
2337	1130	1285
2338	88	710
2339	248	601
2340	554	778
2341	883	1490
2343	427	921
2344	897	971
2344	583	1264
2345	950	1154
2345	543	646
2345	313	401
2346	845	1269
2348	936	1053
2349	115	608
2350	70	383
2350	1225	1490
2350	20	186
2351	1003	1615
2353	30	186
2353	326	503
2355	337	1407
2356	1403	1508
2360	435	765
2360	115	341
2361	449	723
2361	691	1257
2361	140	411
2362	65	1511
2362	581	1478
2362	1266	1419
2363	510	1520
2363	45	93
2363	17	817
2363	261	807
2365	98	324
2365	186	1373
2366	133	1500
2366	74	269
2367	165	1350
2367	986	1605
2370	1239	1269
2371	1313	1488
2372	670	1443
2375	325	810
2375	1150	1244
2376	29	968
2378	682	1214
2379	35	81
2380	549	552
2381	167	858
2382	754	1137
2382	175	600
2385	320	539
2386	136	973
2388	315	1266
2389	763	1170
2389	734	829
2389	450	765
2390	523	696
2390	1267	1536
2391	33	1214
2391	160	885
2395	314	650
2397	950	1596
2397	436	1020
2398	257	1287
2399	646	700
2399	436	894
2399	366	855
2400	282	420
2403	224	1342
2404	439	923
2405	78	79
2405	919	1340
2406	426	682
2408	539	1617
2409	732	1410
2410	421	822
2413	30	1500
2415	159	589
2415	20	1500
2416	1123	1241
2416	823	966
2416	317	945
2416	328	847
2419	98	411
2419	33	426
2422	1230	1594
2423	288	348
2424	628	857
2424	410	931
2424	215	1330
2425	558	1366
2426	1373	1500
2426	425	1490
2428	628	1441
2429	832	1468
2429	236	1134
2431	187	668
2431	1046	1569
2433	436	451
2433	92	627
2433	1360	1599
2434	1449	1559
2434	386	691
2436	55	1485
2438	125	1004
2439	1441	1609
2439	1190	1462
2440	671	1450
2441	1233	1452
2442	1054	1114
2444	336	771
2445	383	1221
2448	287	722
2449	360	807
2450	509	1169
2451	1021	1570
2451	748	1469
2451	254	1169
2453	245	676
2453	1008	1192
2454	856	1424
2454	567	880
2455	660	1185
2455	259	897
2456	168	664
2457	189	650
2458	239	1592
2458	952	1279
2459	110	269
2460	803	1506
2462	562	1612
2465	1111	1152
2465	153	959
2466	1078	1294
2466	137	959
2468	629	846
2470	395	1308
2472	481	1552
2473	323	1258
2473	767	1616
2473	50	1204
2474	632	1258
2474	54	1258
2475	241	993
2477	147	881
2477	690	1317
2478	1078	1354
2480	335	758
2480	291	1098
2480	150	810
2480	460	1464
2482	47	810
2482	931	1228
2482	649	1192
2483	1176	1527
2483	8	1588
2484	622	1191
2484	178	902
2484	1538	1552
2486	224	1321
2487	538	593
2487	129	1300
2487	590	820
2488	105	824
2488	561	877
2489	205	1226
2490	951	1164
2490	824	1465
2491	329	592
2492	397	1069
2496	990	1323
2497	900	1247
2499	133	545
2500	239	474
2502	320	1617
2504	968	1519
2507	783	1532
2507	232	809
2508	697	1167
2509	431	625
2510	415	474
2512	186	608
2512	404	1567
2512	93	887
2512	333	583
2513	60	283
2513	954	1311
2514	153	319
2514	51	1144
2515	225	1028
2515	499	1620
2517	404	1033
2518	884	1213
2519	1363	1394
2519	476	1507
2520	1139	1594
2520	794	1390
2521	499	824
2522	99	173
2523	509	1382
2526	196	780
2527	655	1493
2529	508	873
2529	332	1292
2529	567	1444
2530	157	672
2531	301	1077
2533	1322	1414
2535	248	1019
2535	1171	1584
2536	58	1162
2538	278	496
2538	443	871
2539	1157	1255
2542	49	1183
2543	609	730
2546	49	1314
2547	1046	1242
2549	539	934
2550	1141	1387
2551	125	1078
2551	1068	1207
2552	1050	1378
2552	147	403
2552	633	1138
2553	23	180
2554	862	1407
2554	992	1049
2555	1250	1361
2555	752	1289
2556	399	1295
2556	698	1146
2557	100	443
2557	1409	1486
2557	424	996
2558	175	391
2558	467	1282
2558	1024	1373
2561	4	1376
2562	21	1376
2563	973	1330
2563	308	908
2564	52	289
2566	45	743
2567	251	775
2568	317	400
2569	451	1241
2569	741	772
2570	840	1591
2571	630	675
2573	434	1270
2573	1086	1485
2573	199	474
2576	474	582
2577	681	790
2577	746	1164
2578	143	335
2578	95	421
2578	730	824
2578	137	992
2578	43	1060
2580	162	299
2580	205	1584
2580	1154	1598
2580	853	1378
2581	28	238
2581	943	1367
2581	483	1211
2582	697	916
2584	1008	1091
2584	399	897
2587	235	261
2587	697	1349
2588	575	968
2588	147	1335
2588	20	1024
2591	148	687
2591	80	1178
2591	30	1024
2591	580	1188
2592	186	935
2593	752	979
2596	1017	1484
2597	934	1479
2597	591	1320
2598	474	694
2598	323	845
2601	757	823
2601	78	455
2602	901	1349
2605	70	1404
2606	381	972
2606	1009	1334
2606	307	1315
2606	865	1287
2607	429	1526
2608	636	1517
2609	15	1112
2611	264	1153
2612	264	1299
2612	931	1519
2614	246	1147
2615	4	564
2616	21	564
2616	976	1535
2618	392	1200
2620	639	758
2621	983	1234
2621	70	1389
2621	534	1433
2623	377	901
2626	254	919
2627	470	1146
2628	217	553
2630	232	1289
2631	486	1348
2632	259	399
2634	536	1251
2634	1	560
2635	450	1551
2636	306	806
2637	165	1085
2639	634	712
2641	78	112
2642	431	1544
2643	641	1017
2643	10	968
2644	162	1383
2645	66	327
2646	1180	1534
2646	1095	1583
2646	57	304
2648	377	1167
2649	451	734
2650	972	1621
2651	489	1290
2653	289	1546
2653	320	1500
2654	387	1318
2655	925	1603
2658	152	212
2659	16	621
2661	79	549
2661	551	1217
2665	179	780
2666	602	840
2667	332	1370
2667	920	1584
2668	1173	1592
2669	994	1222
2669	793	1003
2671	572	1337
2672	115	1151
2672	699	1514
2673	1150	1497
2674	535	960
2676	649	1596
2677	262	1566
2678	73	572
2679	735	743
2680	427	566
2680	545	1479
2683	7	704
2684	523	852
2684	1511	1602
2684	590	874
2685	277	701
2685	476	1178
2687	418	928
2690	301	1416
2690	663	701
2691	489	781
2693	523	959
2693	465	1303
2696	732	1130
2696	265	492
2698	551	1153
2698	551	1299
2699	712	1604
2700	19	1335
2702	434	909
2702	69	610
2703	681	704
2703	555	621
2704	523	609
2706	855	1142
2707	754	1291
2709	1102	1533
2712	6	205
2713	133	1024
2715	1046	1074
2715	21	738
2716	1039	1204
2716	346	732
2717	4	738
2718	121	1302
2718	462	1338
2719	78	553
2723	475	1617
2723	239	1004
2726	490	511
2729	708	995
2732	89	278
2732	944	1320
2732	421	1217
2734	488	1131
2735	370	653
2736	320	1062
2737	571	1456
2738	1179	1562
2740	122	1419
2740	96	243
2740	707	1405
2741	74	1457
2741	282	1230
2743	886	1229
2745	161	1283
2745	9	144
2746	925	1009
2748	1135	1227
2749	19	512
2749	813	1560
2750	265	1192
2751	1227	1519
2751	278	1569
2751	730	1620
2751	45	735
2753	1150	1215
2754	29	1228
2755	467	1179
2755	843	1625
2755	11	934
2756	1460	1572
2758	61	470
2759	1193	1483
2760	1193	1600
2760	27	943
2761	639	842
2762	134	802
2763	714	762
2765	152	1376
2765	31	507
2766	66	1496
2767	548	1593
2767	479	1115
2769	224	374
2771	505	1378
2772	436	1353
2773	180	1044
2773	895	1353
2774	217	950
2774	1020	1569
2776	188	1306
2777	254	1130
2777	685	1048
2781	894	1569
2783	90	526
2785	663	1106
2785	876	1586
2785	843	1562
2785	726	1015
2786	200	1153
2787	200	1299
2787	1193	1393
2787	224	1136
2788	291	1124
2788	30	582
2788	1020	1044
2789	390	597
2790	20	582
2790	894	1044
2791	582	1373
2792	729	1298
2792	801	1046
2793	493	1210
2795	1491	1584
2796	153	154
2797	284	1252
2797	1048	1300
2797	87	1262
2798	1033	1470
2798	218	469
2798	460	1276
2799	486	937
2801	677	1366
2801	415	1416
2801	691	762
2801	2	1474
2802	983	1626
2803	583	726
2806	89	1123
2808	474	1500
2811	19	403
2813	1420	1484
2814	660	1315
2816	1004	1354
2818	451	1074
2819	139	1402
2821	560	781
2821	1154	1510
2821	52	393
2821	816	1249
2822	176	259
2824	138	1253
2824	706	1330
2825	44	1406
2827	1374	1504
2828	659	1410
2831	149	1035
2832	218	1454
2833	206	1474
2834	3	111
2834	93	301
2835	126	1135
2835	1429	1557
2835	198	1459
2835	1274	1525
2836	212	1141
2838	254	1581
2840	676	740
2841	293	710
2842	320	726
2845	85	161
2848	692	1043
2848	19	486
2850	780	1384
2850	230	706
2850	422	466
2850	90	832
2852	853	1028
2852	347	1192
2854	39	1191
2858	14	852
2861	1518	1519
2864	800	1522
2864	98	236
2866	150	555
2868	197	963
2868	47	555
2868	227	1148
2871	832	1563
2871	1130	1312
2871	973	1207
2872	410	1019
2872	748	1604
2872	632	1159
2872	651	729
2874	54	1159
2874	1370	1371
2875	499	609
2878	508	1311
2880	694	971
2880	825	1454
2880	781	1290
2881	200	253
2882	361	762
2882	153	1232
2882	342	1490
2884	46	1089
2884	583	1152
2884	613	979
2885	1490	1550
2885	85	1252
2887	208	1622
2889	62	1438
2891	931	1425
2895	186	545
2897	405	990
2898	71	1342
2899	526	1017
2903	601	845
2903	310	1451
2905	57	363
2906	626	835
2906	528	599
2908	126	1519
2909	312	659
2910	280	354
2910	834	1436
2913	739	1300
2916	31	588
2917	443	684
2917	255	1554
2919	1036	1292
2921	1100	1433
2923	54	931
2924	632	931
2924	20	583
2928	30	583
2929	593	1355
2932	891	1407
2933	723	1440
2935	886	932
2936	1135	1609
2936	442	844
2938	433	1582
2941	333	1387
2943	741	1561
2944	130	248
2944	308	413
2944	389	611
2945	515	660
2945	19	960
2946	737	1296
2949	294	692
2949	767	1524
2951	581	671
2952	205	1397
2954	384	1363
2954	761	1516
2954	490	561
2955	1004	1295
2957	400	1611
2957	95	184
2960	583	1373
2960	112	217
2960	991	992
2962	753	875
2962	215	1405
2962	506	1483
2962	506	1600
2964	136	1281
2965	305	823
2966	244	556
2966	114	1416
2967	67	74
2968	330	538
2968	1337	1565
2968	748	902
2969	73	1565
2969	185	633
2971	279	655
2972	629	1123
2974	80	959
2974	712	902
2974	168	1133
2975	213	1573
2976	1287	1548
2977	591	1096
2978	448	762
2979	743	1271
2979	220	678
2980	678	749
2981	970	1078
2982	129	949
2982	89	1569
2982	192	841
2984	10	575
2985	29	987
2987	23	451
2987	992	1247
2988	1407	1513
2988	849	1022
2992	691	702
2995	801	1020
2996	717	1482
2998	801	894
3001	454	757
3001	572	1395
3003	728	757
3004	172	1583
3005	249	1213
3006	91	1130
3007	510	931
3008	583	736
3008	936	1405
3008	444	741
3009	582	1015
3009	895	1242
3010	776	1535
3011	641	832
3011	655	1292
3013	88	571
3013	934	1141
3014	759	918
3014	227	838
3015	942	1256
3015	1155	1333
3016	706	952
3016	454	966
3019	952	1207
3019	718	1467
3019	1492	1583
3021	395	541
3021	67	1285
3021	820	1442
3021	174	1176
3022	809	1368
3023	347	1049
3024	1074	1353
3024	94	1122
3026	696	852
3027	636	1257
3027	1092	1544
3029	440	584
3030	379	664
3030	323	988
3030	79	305
3031	199	545
3031	846	895
3032	59	729
3033	811	1493
3033	569	1276
3033	15	1202
3033	57	126
3034	728	966
3035	38	1291
3035	1156	1408
3035	130	601
3036	676	1027
3036	1005	1062
3038	236	1239
3038	668	729
3038	57	1227
3038	470	1182
3039	278	801
3042	95	1217
3042	704	1239
3045	1180	1627
3046	436	1046
3047	154	852
3048	235	487
3049	1159	1519
3050	821	898
3051	973	1574
3052	559	763
3052	669	1336
3054	176	504
3054	209	1599
3054	930	1121
3054	456	1211
3054	634	817
3056	1078	1295
3058	45	1459
3058	1408	1457
3058	773	994
3059	768	1217
3060	504	743
3060	145	882
3062	774	1179
3063	786	1146
3063	94	276
3065	935	1005
3066	58	768
3067	476	609
3067	564	1376
3067	29	1227
3068	1009	1360
3068	1104	1339
3068	1011	1486
3069	39	946
3069	242	1353
3069	915	1165
3069	234	522
3071	450	1384
3071	486	1627
3074	22	292
3076	808	1442
3078	110	254
3080	404	761
3080	303	740
3081	698	1361
3082	463	474
3084	462	1255
3084	153	1542
3085	133	736
3085	602	1188
3087	743	921
3088	54	1228
3088	791	1474
3088	632	1228
3088	1151	1500
3088	636	762
3089	410	1159
3090	566	1459
3090	214	834
3092	386	636
3093	559	1107
3093	553	950
3094	1532	1625
3095	209	240
3096	829	944
3098	367	857
3100	379	1226
3102	568	1160
3102	871	1617
3102	898	1038
3105	612	1312
3105	479	890
3105	1161	1572
3106	68	968
3108	251	855
3108	176	516
3108	604	901
3111	1030	1130
3112	248	323
3114	120	366
3115	511	754
3115	302	1615
3118	80	1542
3118	266	423
3119	525	995
3120	404	547
3120	169	952
3122	272	638
3122	74	612
3122	1139	1189
3124	188	912
3124	270	1370
3125	7	764
3126	1527	1558
3127	133	1062
3129	859	1445
3129	281	983
3132	195	913
3133	210	663
3133	113	1491
3134	598	1407
3134	267	1406
3137	1109	1244
3138	617	978
3138	499	959
3138	1367	1397
3139	476	1025
3142	34	159
3143	576	1621
3144	663	1058
3146	72	887
3146	691	1517
3146	680	1058
3147	109	408
3149	443	1140
3150	680	763
3150	109	407
3151	598	711
3151	900	1543
3151	157	1161
3152	461	1232
3152	547	646
3152	998	1251
3153	826	1251
3153	171	1489
3153	661	864
3153	236	1440
3154	189	1388
3155	101	209
3157	612	1030
3158	832	926
3159	29	126
3159	947	1277
3159	178	748
3159	1337	1488
3161	116	1280
3161	73	1488
3163	663	1057
3164	72	358
3164	1050	1051
3164	494	908
3167	562	1214
3168	100	1617
3168	134	895
3170	342	1107
3172	875	1585
3174	661	1411
3175	880	1499
3176	66	472
3176	224	580
3178	242	1046
3180	172	1368
3181	780	1551
3181	1060	1073
3183	360	487
3184	422	727
3185	1015	1078
3186	306	1011
3187	52	1360
3187	529	1439
3187	67	91
3189	472	1292
3190	487	807
3191	1413	1475
3192	1200	1370
3194	912	996
3194	1391	1483
3195	1391	1600
3198	119	136
3198	651	769
3199	341	1500
3200	44	1512
3201	209	1332
3202	799	1311
3203	257	930
3205	69	603
3207	350	405
3208	545	1500
3209	281	783
3210	184	459
3211	281	784
3211	302	695
3212	347	492
3213	210	367
3214	352	1322
3215	618	1390
3215	551	966
3216	85	284
3217	1555	1613
3218	319	745
3220	465	630
3221	304	1473
3221	72	735
3226	432	1117
3227	319	991
3228	160	1199
3228	286	1423
3229	298	1251
3230	175	700
3230	805	1210
3230	999	1425
3230	82	985
3230	304	1089
3231	347	1091
3231	314	1388
3232	107	1319
3232	350	1260
3232	357	1058
3232	846	1020
3232	1048	1619
3233	480	790
3234	846	894
3234	419	542
3239	487	1315
3240	787	1492
3241	545	582
3244	257	1438
3245	776	835
3245	652	1420
3246	517	581
3247	620	762
3248	577	1582
3249	8	724
3250	112	253
3250	68	988
3251	1398	1583
3251	891	917
3251	410	1258
3252	629	802
3252	318	1277
3254	371	486
3254	117	932
3255	133	1152
3256	37	119
3256	1134	1440
3256	637	854
3257	55	1086
3258	129	1596
3259	1039	1597
3261	1100	1155
3263	40	241
3266	1	591
3267	13	1170
3267	829	1096
3267	823	1190
3270	1509	1598
3270	1222	1625
3271	461	492
3271	1114	1179
3272	441	638
3274	800	1475
3274	776	917
3274	82	456
3275	133	1373
3276	128	505
3276	897	1372
3276	277	1341
3279	700	1352
3280	1252	1283
3281	305	551
3281	532	1509
3285	693	1495
3286	672	1595
3287	117	1342
3288	1358	1597
3288	57	1019
3288	575	1442
3288	731	825
3289	1413	1522
3289	26	857
3289	496	876
3291	952	973
3292	30	133
3292	20	133
3295	1044	1241
3295	502	848
3296	474	850
3296	1057	1170
3297	1274	1618
3297	259	1354
3298	664	1397
3299	113	1397
3300	864	1184
3300	1286	1337
3301	469	775
3303	73	1286
3303	770	1092
3304	653	1627
3304	485	548
3305	58	965
3306	542	1472
3306	559	680
3307	1395	1515
3307	1419	1622
3309	182	1377
3309	472	1612
3310	1394	1578
3310	71	1229
3313	489	1096
3313	98	304
3313	17	619
3313	224	885
3313	1236	1627
3314	708	1193
3315	1009	1129
3317	806	1486
3317	1062	1461
3317	451	944
3317	93	566
3319	629	1014
3320	79	518
3320	61	285
3322	490	754
3323	2	160
3324	11	738
3324	424	1307
3324	9	477
3327	394	1466
3327	87	237
3327	637	1266
3328	320	608
3328	571	626
3329	326	878
3330	36	89
3331	739	1008
3331	126	323
3332	347	745
3332	327	910
3333	894	1061
3335	32	521
3335	705	1539
3335	310	1192
3336	1020	1061
3336	259	921
3336	1123	1569
3339	541	833
3340	150	401
3340	47	401
3340	617	1605
3341	789	1573
3341	294	1057
3343	89	801
3343	680	1550
3345	67	732
3345	712	1469
3345	602	849
3346	717	774
3348	1048	1154
3349	18	934
3351	16	150
3351	16	47
3351	781	829
3352	551	757
3353	26	1518
3353	949	1192
3354	492	649
3358	504	735
3358	58	822
3359	1265	1503
3360	653	834
3362	866	1606
3365	730	959
3367	263	744
3367	1274	1430
3369	1241	1538
3369	1062	1111
3369	744	768
3369	313	693
3372	294	1106
3376	980	1109
3376	1042	1069
3376	319	461
3377	1226	1367
3379	934	1111
3379	1121	1470
3381	732	1030
3382	502	1322
3383	46	1473
3385	1075	1342
3385	673	1502
3385	98	1134
3385	383	1575
3386	959	1232
3386	68	1609
3386	994	1331
3386	638	1155
3386	1277	1278
3386	616	1310
3387	631	1197
3389	77	1190
3390	396	825
3390	1285	1564
3391	1298	1541
3392	809	1369
3393	487	1537
3394	849	1477
3395	1281	1574
3397	248	1227
3397	630	1303
3397	1089	1520
3398	264	1619
3398	516	1271
3400	677	689
3400	712	863
3401	227	662
3402	300	1442
3402	280	722
3403	718	914
3404	801	1123
3405	126	248
3406	840	1229
3406	1133	1491
3407	1274	1524
3407	1035	1521
3407	71	848
3408	422	1099
3409	253	455
3410	1441	1518
3414	259	850
3414	146	762
3414	178	1604
3415	155	1360
3416	93	1108
3416	107	1551
3417	113	943
3417	659	1487
3418	1048	1596
3419	143	556
3420	766	1554
3421	1492	1608
3422	133	1111
3423	88	1456
3425	1280	1377
3425	115	1387
3427	412	1293
3428	1183	1237
3428	759	778
3430	373	1157
3430	1237	1314
3431	192	614
3431	198	921
3432	120	855
3433	323	1227
3434	200	217
3435	1489	1566
3437	11	21
3437	4	11
3437	391	1516
3437	681	1239
3438	1004	1078
3439	22	1124
3440	717	795
3441	801	846
3443	25	1280
3445	732	1312
3445	149	613
3445	7	1019
3446	1177	1572
3446	697	1103
3447	917	1407
3449	38	1459
3450	916	1167
3451	19	370
3451	105	900
3453	900	1465
3456	1232	1247
3458	519	1286
3458	12	855
3458	1156	1410
3459	382	540
3460	351	923
3460	95	1063
3460	633	879
3461	217	310
3464	1353	1538
3464	79	200
3465	384	1628
3465	66	562
3466	840	886
3470	118	318
3470	319	1542
3471	1530	1544
3472	275	772
3475	172	1492
3476	602	1214
3476	335	336
3479	682	1188
3479	320	1024
3482	390	1283
3482	244	335
3483	628	1518
3486	1329	1622
3487	1474	1475
3489	524	842
3490	356	574
3492	341	545
3495	222	1041
3495	1267	1408
3496	636	702
3496	1368	1442
3497	118	1278
3498	314	334
3502	40	707
3503	32	491
3504	585	1193
3506	198	301
3508	658	1181
3508	607	1587
3508	33	1188
3508	984	1603
3508	32	75
3510	1170	1288
3510	394	1601
3510	452	583
3511	81	1344
3511	1039	1328
3513	369	1506
3515	468	742
3515	26	300
3516	314	1163
3518	843	1222
3519	337	862
3521	545	1111
3525	1044	1061
3525	590	1442
3525	89	989
3527	443	1356
3528	5	741
3528	189	334
3528	79	112
3531	682	1591
3532	911	1376
3532	569	624
3534	264	685
3534	43	606
3534	23	1074
3538	394	881
3540	236	845
3540	852	1543
3540	533	773
3541	118	947
3541	354	430
3542	247	709
3543	189	1163
3543	379	1397
3543	1207	1390
3543	16	401
3544	116	182
3544	33	1591
3544	242	846
3545	572	1313
3546	267	642
3549	30	1429
3551	20	1429
3551	1282	1511
3552	683	1357
3554	175	543
3555	520	980
3556	133	582
3557	1308	1455
3558	94	1317
3558	549	768
3558	89	497
3559	320	582
3561	72	93
3564	169	1068
3565	374	1188
3568	872	1065
3568	716	1523
3569	749	1185
3570	235	985
3570	777	904
3572	37	1391
3572	1232	1620
3573	220	1185
3574	1271	1459
3575	172	1369
3577	489	734
3578	904	939
3578	1373	1429
3578	223	717
3579	393	1360
3579	681	764
3579	595	936
3581	1156	1254
3585	1457	1628
3585	330	716
3587	632	1227
3588	54	1227
3588	535	654
3590	273	321
3590	744	966
3590	357	868
3590	8	156
3590	292	406
3590	102	292
3590	1020	1353
3590	408	831
3591	993	1377
3592	659	940
3592	744	757
3593	429	1614
3594	846	1538
3595	24	1111
3596	872	1154
3598	348	1220
3598	62	645
3598	407	831
3599	894	1353
3599	103	1025
3601	248	1519
3601	560	591
3602	889	1464
3605	887	1108
3606	355	697
3607	78	1217
3607	1273	1274
3609	242	497
3609	95	305
3610	269	346
3611	18	133
3611	959	1620
3611	373	1255
3612	18	1373
3613	525	1193
3614	136	209
3615	44	345
3617	1348	1534
3617	488	1197
3619	667	1417
3620	1017	1282
3622	968	1518
3623	475	737
3623	268	914
3624	252	1503
3626	414	1272
3626	678	978
3626	1041	1508
3627	987	1135
3628	924	1305
3628	128	746
3628	919	941
3629	312	1565
3629	125	259
3631	486	653
3633	570	974
3634	932	1075
3635	270	921
3638	445	1207
3640	248	1518
3641	932	1061
3642	18	20
3643	259	1294
3644	18	30
3644	592	1498
3646	262	1489
3646	455	1300
3646	155	482
3647	960	1627
3647	525	1434
3649	596	1223
3650	93	270
3651	115	1557
3652	386	1107
3653	59	1298
3653	65	1484
3653	64	684
3654	987	1441
3655	577	1104
3656	1215	1244
3657	360	1315
3658	582	1004
3661	1583	1608
3664	314	615
3667	1	1096
3668	645	1033
3670	518	549
3673	471	1341
3675	680	883
3677	943	1584
3679	413	494
3681	151	542
3681	180	1320
3686	471	701
3686	581	1446
3688	621	693
3689	327	1022
3691	478	1305
3691	1017	1563
3693	545	1151
3694	610	1328
3694	548	1037
3695	38	427
3695	900	959
3696	952	1113
3697	348	936
3697	728	1153
3697	728	1299
3697	1090	1201
3699	38	887
3702	1240	1426
3702	433	1549
3704	771	1248
3705	652	1179
3705	1079	1355
3708	418	1364
3708	23	436
3708	560	1290
3709	671	851
3711	959	992
3713	137	154
3716	829	1320
3719	129	253
3720	664	1132
3721	941	1169
3722	1067	1305
3723	846	1569
3724	186	452
3726	128	1050
3726	504	516
3729	134	242
3729	506	708
3730	373	819
3730	29	1518
3732	504	566
3732	126	632
3732	54	126
3734	263	459
3735	322	579
3737	30	726
3738	410	1441
3738	142	1376
3740	20	726
3742	735	1200
3746	1147	1549
3748	1000	1260
3748	821	1038
3749	189	615
3749	685	950
3750	1033	1516
3752	78	728
3753	758	1248
3754	1044	1046
3755	80	523
3755	307	660
3759	506	1193
3761	949	1091
3764	280	603
3764	799	1120
3766	417	1532
3766	369	803
3766	726	1373
3766	135	1358
3766	217	1300
3766	1228	1519
3766	1034	1382
3767	425	680
3773	374	840
3778	1178	1542
3779	1287	1470
3779	4	212
3779	516	1137
3779	21	212
3780	239	850
3780	1461	1479
3780	19	1534
3780	26	968
3781	621	810
3781	846	1241
3782	1333	1433
3782	1014	1590
3783	582	608
3784	26	575
3784	1058	1170
3786	825	1165
3788	791	1270
3789	294	1107
3789	465	1432
3790	849	1612
3790	140	324
3791	105	609
3793	61	507
3793	294	342
3795	300	628
3799	609	1465
3801	309	1325
3801	1368	1583
3802	427	743
3803	393	1546
3803	950	1300
3803	269	1564
3804	278	451
3804	968	1609
3805	188	424
3805	70	131
3805	99	721
3805	680	1225
3806	951	1027
3807	135	478
3807	397	975
3808	64	1140
3810	477	760
3814	180	278
3815	601	988
3817	165	432
3817	239	1015
3819	684	1081
3820	829	1290
3822	110	1285
3824	499	900
3826	310	1091
3827	359	699
3830	71	328
3830	89	1020
3831	89	894
3833	862	975
3836	996	1101
3837	334	1510
3837	23	1044
3837	148	1103
3837	110	1312
3837	1065	1154
3840	248	632
3842	54	248
3844	1135	1441
3846	1337	1515
3849	851	1446
3853	239	1077
3854	73	1515
3854	312	1395
3854	14	992
3854	112	1153
3854	112	1299
3856	40	84
3856	489	1320
3856	233	1505
3856	1290	1610
3856	78	305
3858	246	433
3859	233	813
3859	609	1178
3859	709	710
3862	269	1156
3864	339	762
3865	208	1266
3866	176	1592
3866	238	517
3869	180	1096
3870	397	1535
3871	136	1574
3873	341	1152
3873	518	822
3874	879	1172
3874	1062	1617
3877	25	182
3878	258	680
3880	582	1429
3882	1063	1190
3883	467	1563
3884	743	887
3884	818	1070
3886	942	1606
3888	259	1295
3888	811	1292
3889	451	1096
3890	547	589
3890	1511	1563
3890	739	1596
3892	1231	1430
3894	44	1209
3897	668	1541
3897	426	562
3898	983	1054
3899	1385	1568
3902	401	621
3903	103	1464
3905	193	1293
3908	217	253
3909	59	1541
3911	306	1486
3912	380	426
3913	1381	1489
3913	402	1467
3913	212	1376
3914	776	1042
3914	459	1357
3916	79	1217
3919	1410	1487
3919	269	732
3921	1080	1246
3922	122	522
3922	13	680
3923	141	542
3924	1	1320
3924	878	896
3927	1111	1461
3927	154	1620
3928	16	1495
3929	1286	1381
3929	323	1269
3930	196	450
3930	1151	1152
3933	1524	1525
3934	427	887
3934	401	810
3935	401	693
3936	199	1151
3937	1026	1205
3937	1113	1330
3939	315	854
3940	968	1228
3940	271	1245
3941	1015	1500
3942	172	809
3943	23	496
3944	849	1496
3945	347	461
3946	155	1332
3946	1000	1201
3946	988	1135
3946	231	1119
3947	232	606
3949	58	623
3949	292	1245
3949	960	1236
3951	1163	1510
3954	1036	1493
3955	730	900
3955	777	1630
3955	939	1630
3955	145	1118
3955	424	854
3956	40	1405
3957	2	800
3959	295	400
3961	464	1540
3962	539	1111
3963	13	342
3963	284	1210
3969	181	1275
3969	51	769
3969	180	436
3971	188	1307
3972	84	1405
3973	1077	1416
3974	451	1320
3974	192	715
3975	545	583
3975	627	1437
3977	332	887
3977	1288	1583
3978	631	1256
3978	461	991
3980	50	1597
3982	43	249
3983	818	1055
3985	1556	1614
3985	988	1519
3987	371	1436
3987	26	808
3989	78	1153
3989	78	1299
3992	636	692
3993	159	547
3994	1292	1591
3995	88	268
3995	540	1378
3995	1414	1415
3997	5	717
3998	270	735
4001	260	1437
4004	897	1078
4006	934	1024
4006	1107	1257
4009	587	901
4010	1159	1609
4014	358	504
4015	49	106
4015	52	101
4015	176	1271
4017	917	1513
4019	1081	1140
4021	854	1101
4023	776	862
4027	259	358
4028	555	1553
4030	526	926
4030	259	1077
4030	319	1049
4031	728	1300
4031	452	1557
4032	565	697
4033	349	799
4034	454	1217
4034	399	1015
4035	283	1623
4036	488	547
4036	62	404
4039	36	451
4039	274	1189
4041	381	1621
4043	942	1197
4044	680	1170
4044	971	1294
4046	460	1506
4046	380	1214
4046	270	887
4047	1373	1479
4048	663	763
4048	597	974
4049	230	794
4050	547	761
4051	708	1434
4054	76	650
4055	506	585
4056	297	630
4057	641	997
4058	1372	1416
4060	202	878
4060	952	1330
4060	850	1416
4061	137	1232
4062	765	780
4064	157	1460
4066	239	399
4066	870	1174
4066	19	1180
4066	599	903
4066	1037	1346
4068	1244	1497
4068	415	970
4069	341	736
4070	20	1479
4072	1114	1602
4074	30	1479
4074	857	1159
4074	995	1393
4074	488	589
4075	56	446
4076	107	765
4078	61	588
4078	336	1233
4079	229	1218
4079	91	1564
4079	454	768
4080	633	1189
4081	253	1153
4081	253	1299
4083	702	1107
4085	542	1548
4086	213	1453
4088	1296	1617
4089	857	868
4089	522	1528
4091	1110	1150
4094	266	814
4094	710	1166
4095	257	1470
4097	199	1004
4099	199	341
4100	673	1431
4100	608	1500
4102	899	1448
4102	1179	1420
4103	506	525
4103	508	1120
4103	305	454
4104	176	921
4105	27	1198
4105	574	1396
4105	559	1288
4105	288	1053
4105	1004	1500
4105	677	1122
4105	474	1078
4105	1013	1352
4106	221	1186
4106	971	1354
4106	48	1243
4106	86	740
4106	1054	1234
4106	736	1151
4106	1184	1338
4106	1068	1113
4108	125	971
4108	675	1026
4109	1104	1365
4109	333	1264
4110	110	1030
4111	1005	1479
4112	377	1103
4113	1488	1565
4113	903	1514
4114	116	215
4115	184	744
4116	696	900
4116	363	1520
4117	217	949
4119	917	975
4119	669	837
4120	837	1018
4121	950	1619
4123	1339	1582
4127	129	950
4127	789	1453
4130	497	1123
4133	840	848
4134	1043	1492
4136	1457	1578
4137	420	1138
4139	80	1049
4139	250	1000
4141	1300	1619
4143	509	1581
4144	852	959
4144	169	1330
4144	374	847
4144	601	681
4144	433	962
4144	50	430
4146	1477	1612
4146	199	608
4147	143	201
4148	989	1061
4149	242	989
4150	155	1599
4150	1110	1497
4151	1313	1515
4152	40	1280
4152	156	945
4152	399	694
4154	76	189
4155	910	1496
4156	40	1377
4157	607	1458
4157	689	779
4157	935	1141
4157	203	814
4159	65	1563
4162	386	1057
4162	592	1002
4162	207	990
4162	1	1610
4164	460	889
4165	66	1477
4167	962	1147
4168	583	1429
4168	345	1406
4170	1215	1401
4171	1524	1618
4172	860	1277
4173	601	1258
4173	76	314
4174	756	981
4175	613	809
4177	1431	1502
4178	534	638
4178	279	811
4179	201	244
4179	847	1229
4180	643	1577
4180	180	801
4181	1126	1615
4183	130	790
4184	348	595
4186	204	1305
4189	362	1561
4191	792	1097
4192	382	853
4193	370	960
4194	538	1079
4195	895	1046
4196	794	1279
4198	489	944
4199	881	1467
4199	66	380
4200	301	897
4202	392	1291
4202	207	878
4202	352	1414
4205	219	1249
4206	521	1480
4207	907	1147
4209	872	1510
4210	574	1187
4213	7	845
4214	887	1371
4214	24	1024
4215	832	1017
4215	186	333
4215	29	1159
4215	461	1049
4218	987	1159
4221	370	1180
4222	847	886
4222	392	516
4222	825	1421
4225	426	602
4228	34	175
4228	519	1489
4228	115	1264
4229	958	1504
4232	523	824
4234	613	1369
4235	1145	1311
4235	1081	1296
4236	1188	1591
4236	130	681
4237	1206	1301
4238	628	808
4239	679	1396
4239	702	1057
4239	852	1247
4239	691	692
4242	294	691
4243	312	1313
4245	575	628
4248	1031	1412
4248	1032	1412
4248	255	841
4250	1295	1592
4252	641	1468
4253	89	1074
4253	129	1048
4255	217	739
4255	74	1408
4255	211	1134
4255	271	406
4257	248	988
4257	102	271
4259	1154	1596
4260	267	311
4260	1420	1602
4261	432	536
4261	629	895
4261	848	1322
4262	275	717
4262	113	1226
4262	270	1271
4263	652	1114
4264	133	1617
4265	631	1606
4266	893	1213
4267	638	1433
4267	29	988
4267	461	1620
4267	427	1370
4268	180	1569
4268	768	822
4269	64	1356
4269	1477	1591
4269	399	1077
4270	79	757
4271	1068	1574
4272	16	313
4272	964	1201
4272	68	987
4275	659	1313
4277	989	1242
4277	456	483
4277	1256	1340
4277	1311	1629
4279	200	553
4281	52	1599
4284	320	736
4285	205	1491
4286	122	1329
4287	461	992
4287	1090	1260
4291	46	829
4292	1363	1578
4293	247	571
4294	320	545
4296	91	110
4297	1053	1545
4298	266	815
4301	431	770
4301	1107	1170
4301	33	1136
4301	802	1590
4303	294	883
4304	682	1136
4304	33	580
4308	483	985
4308	36	1241
4309	548	1523
4309	281	1532
4309	580	682
4310	720	858
4311	1147	1582
4312	971	1004
4313	970	1372
4313	1055	1070
4313	57	1520
4314	1279	1390
4317	971	1077
4319	539	1005
4320	323	1019
4324	694	1078
4324	180	1074
4324	491	1480
4324	566	1271
4326	75	1480
4327	370	1348
4329	248	410
4331	191	1235
4333	936	1545
4334	510	1425
4335	680	1106
4336	91	612
4336	645	1470
4339	426	1292
4339	1101	1307
4339	52	1332
4339	839	893
4340	46	489
4340	421	744
4341	836	1409
4344	33	1036
4345	133	1479
4346	1083	1575
4347	427	1271
4347	934	935
4348	510	999
4348	922	1449
4349	45	1370
4349	504	1459
4351	688	827
4351	79	822
4351	150	693
4352	47	693
4352	588	1250
4352	1364	1535
4353	682	1036
4353	263	454
4353	403	1534
4355	358	566
4356	474	971
4357	824	1543
4358	7	130
4360	1335	1534
4361	1257	1490
4361	1010	1210
4364	410	1227
4365	24	320
4366	1042	1535
4367	1093	1143
4368	40	993
4369	526	641
4371	341	1557
4371	1354	1592
4372	780	876
4373	685	1300
4373	503	963
4374	43	884
4375	583	608
4375	99	163
4375	553	728
4375	787	1398
4377	80	153
4377	1237	1566
4378	382	1050
4378	118	860
4380	1532	1626
4381	621	1428
4382	1293	1444
4382	153	992
4383	1263	1431
4383	79	966
4385	151	391
4385	1081	1356
4386	1057	1257
4387	455	553
4391	253	739
4392	415	694
4392	553	1619
4393	1254	1487
4394	1400	1570
4394	480	1439
4394	88	709
4395	639	771
4395	142	584
4396	78	966
4397	964	1260
4398	653	1436
4401	436	1241
4401	232	1035
4402	342	1057
4404	457	1554
4406	119	1113
4407	544	1383
4407	497	1061
4409	346	1254
4410	327	1496
4410	935	1264
4410	766	841
4412	978	1158
4415	1000	1090
4417	28	516
4421	870	1216
4422	387	751
4422	1075	1321
4422	238	1478
4422	474	1015
4423	1177	1297
4425	340	541
4427	64	1296
4427	504	921
4428	995	1483
4429	995	1600
4431	40	182
4431	200	1300
4432	1005	1111
4436	1625	1626
4436	1110	1215
4437	624	922
4439	713	1536
4441	689	1366
4441	54	1441
4443	632	1441
4443	241	1163
4445	588	1361
4445	346	1410
4445	259	1078
4445	207	1323
4445	1303	1432
4446	72	921
4446	1040	1509
4449	838	907
4449	17	863
4450	1263	1502
4450	164	993
4450	875	1385
4451	78	823
4451	224	1413
4453	236	704
4454	383	1404
4455	210	1058
4457	18	1461
4457	126	601
4458	896	1323
4458	647	679
4459	383	1389
4461	443	1296
4461	320	1152
4462	279	1036
4464	62	1516
4464	680	1107
4465	751	1318
4466	982	1266
4467	1151	1557
4468	884	1073
4468	126	410
4469	541	1102
4469	1083	1601
4471	562	1591
4471	67	1030
4471	472	562
4472	467	1511
4473	7	1269
4474	199	1015
4474	69	1039
4475	472	602
4477	578	749
4479	1015	1294
4480	220	578
4481	971	1295
4482	179	435
4483	293	1194
4483	6	168
4483	328	932
4484	11	1141
4486	1083	1221
4487	123	459
4488	857	987
4488	953	1457
4488	991	1542
4489	960	1348
4491	830	1006
4493	1006	1327
4493	559	1058
4494	1401	1497
4494	1085	1251
4497	78	757
4498	584	1376
4500	571	1166
4502	430	610
4504	847	1188
4504	885	1522
4504	932	1342
4504	18	24
4504	18	320
4504	23	36
4505	264	455
4505	850	970
4505	359	938
4507	785	1603
4510	744	1217
4510	1044	1569
4511	1384	1551
4511	398	490
4513	1338	1411
4515	270	504
4515	137	1247
4516	265	1596
4517	197	957
4518	507	1361
4521	1312	1564
4521	1114	1562
4522	374	1342
4525	269	1285
4526	1214	1292
4527	1429	1500
4527	583	1557
4528	919	1581
4529	167	720
4530	349	508
4530	241	334
4531	379	1367
4532	119	169
4532	980	1415
4532	1180	1236
4535	475	498
4538	484	1076
4541	376	579
4542	71	1188
4545	190	843
4546	750	1031
4547	750	1032
4547	467	1420
4548	184	768
4548	386	1490
4548	732	1564
4549	399	415
4551	1394	1408
4551	356	679
4551	80	1620
4552	1095	1608
4552	497	1242
4555	341	583
4557	971	1015
4557	42	1233
4558	507	1250
4559	379	1133
4560	301	970
4562	258	294
4562	1184	1411
4564	198	270
4565	738	1190
4567	160	791
4567	905	1196
4570	618	794
4570	580	1036
4570	486	1236
4571	259	971
4571	1214	1591
4571	357	763
4572	301	1372
4573	601	1227
4573	57	1258
4575	547	1088
4578	125	1015
4578	14	1232
4578	253	1048
4581	762	1490
4582	380	472
4584	702	1490
4586	896	990
4587	151	1132
4588	278	1044
4588	1106	1107
4588	912	1101
4591	26	987
4591	847	848
4592	892	1311
4593	79	728
4594	943	1198
4595	1229	1322
4596	1219	1403
4597	201	388
4598	658	1144
4598	13	386
4600	764	1239
4601	417	1625
4603	253	685
4606	236	764
4606	645	930
4607	989	1123
4610	718	1547
4611	643	798
4612	302	1126
4612	89	436
4613	357	367
4613	90	641
4618	1062	1479
4618	238	1592
4620	893	1073
4621	1391	1393
4621	968	987
4622	1138	1172
4623	186	1387
4623	379	1491
4624	580	811
4624	926	1054
4625	125	1592
4628	25	215
4630	824	852
4630	1	489
4630	253	1619
4631	433	907
4632	345	1209
4633	562	849
4634	199	1152
4635	178	861
4639	261	1537
4640	1418	1596
4641	539	1461
4642	781	1320
4645	957	1272
4646	141	1548
4646	702	1106
4646	661	1184
4648	279	1493
4648	162	819
4651	846	1123
4651	1395	1565
4652	294	425
4653	371	834
4653	193	567
4654	681	845
4654	1121	1438
4654	535	1627
4655	291	1613
4656	278	1074
4656	475	871
4656	294	636
4659	18	1062
4659	115	333
4660	159	1197
4663	21	1462
4663	4	1462
4663	309	568
4665	801	1353
4665	307	360
4666	979	1369
4668	595	1545
4668	985	1211
4669	472	1591
4672	1135	1518
4672	382	505
4672	418	713
4674	632	988
4677	54	988
4678	59	187
4680	13	294
4681	97	1041
4683	1030	1564
4685	1176	1202
4685	467	1484
4686	602	1477
4688	246	838
4688	249	1073
4691	50	1328
4692	589	1131
4693	239	1354
4693	24	539
4693	850	971
4693	385	488
4695	885	1475
4695	359	1514
4695	100	475
4695	545	726
4697	29	248
4699	978	986
4701	72	1271
4701	497	895
4701	68	1441
4702	180	1241
4704	58	549
4706	1016	1546
4707	1125	1325
4707	313	555
4708	1484	1511
4711	586	1393
4714	255	715
4716	1204	1328
4717	637	982
4717	263	768
4717	547	1567
4719	1294	1592
4722	159	385
4723	1363	1457
4723	119	973
4725	208	1329
4727	909	1270
4727	473	1001
4728	278	436
4728	153	461
4730	1095	1170
4731	313	1553
4732	613	1035
4733	883	1107
4736	815	1561
4736	72	504
4736	98	140
4737	97	1066
4740	1179	1602
4742	288	595
4743	1043	1608
4743	177	1139
4745	182	215
4747	628	1609
4748	439	1621
4748	414	957
4748	305	744
4750	80	991
4751	1529	1541
4752	67	1312
4752	370	486
4754	724	945
4754	363	1473
4754	1049	1542
4757	29	1441
4757	597	1168
4758	1199	1413
4759	1111	1373
4759	18	1005
4759	735	887
4760	686	1102
4761	111	1448
4763	845	1239
4763	1288	1608
4764	610	1597
4764	545	1429
4765	647	1072
4767	693	1553
4769	439	576
4772	972	1347
4774	154	1232
4775	240	1360
4775	199	736
4777	853	1050
4779	781	1096
4779	1074	1241
4779	553	685
4780	72	427
4781	1199	1522
4782	20	1111
4782	910	1022
4782	1046	1123
4785	30	1111
4789	129	1008
4790	365	831
4790	599	699
4793	215	707
4793	1370	1459
4793	691	1490
4794	51	658
4794	635	643
4796	154	992
4797	380	1477
4797	11	1462
4797	80	1465
4797	276	558
4797	91	269
4798	1241	1353
4802	80	105
4802	242	894
4803	242	1020
4804	205	1367
4807	866	1340
4807	882	1284
4808	916	1103
4809	586	1193
4811	215	1280
4811	341	608
4811	836	954
4811	583	1151
4815	127	381
4816	578	1185
4820	2	1270
4824	3	1374
4824	857	1518
4824	76	1388
4824	838	962
4825	743	1459
4827	117	1321
4828	1123	1353
4831	726	1151
4832	613	1289
4833	1052	1248
4834	320	1111
4837	980	1150
4838	270	566
4838	179	876
4838	775	1084
4840	543	1013
4840	115	452
4841	294	1225
4842	872	1598
4843	160	1474
4843	628	987
4845	572	1565
4846	993	1220
4847	294	1490
4847	936	1377
4847	392	754
4847	239	1294
4847	707	1280
4848	520	1414
4848	781	1610
4850	14	959
4851	160	800
4852	1153	1619
4854	1299	1619
4854	539	1479
4855	315	982
4855	937	1017
4855	871	1296
4857	276	1366
4858	975	976
4859	130	323
4862	239	415
4862	76	615
4862	412	1444
4863	787	1368
4864	1353	1569
4864	498	1617
4865	125	239
4868	13	1257
4869	625	994
4869	1055	1196
4869	341	726
4872	927	1437
4874	1474	1522
4875	612	1285
4876	801	1044
4877	386	1106
4878	36	1569
4879	28	877
4881	1015	1295
4882	506	995
4883	1015	1354
4885	465	1205
4887	506	586
4887	100	1296
4889	414	963
4890	315	1307
4891	52	240
4891	17	634
4892	633	1172
4892	758	1052
4893	441	1100
4894	328	374
4896	24	1479
4899	1	1290
4902	148	1167
4902	536	1085
4902	566	743
4907	1485	1579
4908	259	415
4909	770	1530
4911	1146	1182
4912	1133	1584
4913	112	1300
4915	608	1151
4915	120	1142
4915	266	362
4915	945	1588
4916	72	198
4916	152	584
4917	432	1085
4923	976	1042
4923	523	900
4925	226	759
4925	1149	1590
4926	446	929
4927	257	645
4928	74	1394
4928	1152	1500
4929	576	1204
4930	190	1114
4932	131	1404
4934	216	816
4935	355	1103
4937	1109	1150
4937	106	1237
4937	1244	1401
4940	131	1389
4941	84	116
4942	632	1135
4944	54	1135
4945	1153	1300
4945	1299	1300
4945	111	563
4945	171	1286
4946	1024	1062
4947	582	1152
4950	837	1336
4950	13	1106
4950	107	196
4953	582	736
4954	992	1620
4955	529	790
4956	532	872
4957	13	702
4960	10	590
4961	26	1609
4961	450	1319
4963	1017	1468
4966	47	1428
4968	119	1068
4969	150	1428
4969	694	970
4971	104	920
4972	415	897
4974	281	417
4974	68	410
4975	172	787
4977	184	454
4981	1367	1491
4981	532	1065
4981	90	1017
4983	323	681
4983	33	655
4987	36	180
4989	201	556
4989	134	629
4989	112	553
4989	69	354
4989	562	1477
4992	751	1059
4992	399	1004
4992	655	682
4992	175	1088
4992	970	1077
4995	294	1550
4996	709	1456
4996	1093	1435
4996	1169	1581
4996	68	248
4997	736	1500
4997	887	1459
4997	68	1518
4999	358	1271
5001	155	289
5001	731	1454
5001	283	1573
5001	107	1384
5002	423	1561
5003	864	1187
5003	199	1429
5003	659	1395
5004	1106	1257
5007	283	1453
5007	729	1529
5008	320	1373
5008	251	1084
5008	639	1248
5008	351	576
5011	1049	1620
5011	1046	1061
5011	96	821
5012	1135	1519
5012	175	1567
5012	628	968
5012	155	1546
5012	785	1223
5013	968	1441
5015	897	1416
5018	30	320
5018	20	320
5019	192	1554
5020	940	1410
5021	715	766
5023	784	1625
5023	835	976
5026	445	1281
5026	475	1081
5027	158	1116
5028	136	1068
5028	695	1126
5028	758	771
5029	168	379
5029	559	1095
5030	426	1591
5031	716	1216
5033	68	632
5034	696	1543
5037	54	68
5038	955	1319
5039	288	936
5040	36	801
5040	193	1444
5041	790	1269
5042	1207	1574
5043	167	458
5044	424	912
5046	782	1124
5047	811	1136
5047	37	194
5047	512	1534
5047	168	205
5051	186	1264
5052	85	1210
5052	1011	1380
5055	410	1135
5056	12	366
5056	421	454
5058	336	758
5058	638	1333
5058	813	1505
5058	149	606
5061	637	1307
5065	830	1504
5065	1327	1504
5066	415	971
5066	614	715
5066	573	1104
5067	399	850
5068	188	1101
5070	303	676
5072	67	346
5073	186	583
5073	840	1188
5075	445	1574
5076	614	766
5076	24	133
5079	33	811
5080	340	686
5080	727	1450
5084	342	702
5085	895	989
5085	518	1463
5086	18	539
5086	320	1479
5087	609	1403
5088	682	811
5089	30	736
5090	20	736
5091	291	1555
5091	239	1295
5092	543	700
5092	93	743
5092	878	1323
5092	1036	1136
5093	129	217
5093	736	1373
5095	1	781
5096	342	1225
5098	205	1133
5101	349	873
5102	565	1349
5102	30	608
5102	20	608
5104	725	1400
5106	623	1162
5106	518	552
5108	89	1046
5110	398	511
5111	1107	1550
5111	886	1342
5112	239	1078
5112	582	726
5112	1441	1519
5112	1166	1456
5115	842	1248
5116	928	1535
5119	404	1516
5120	1377	1405
5121	393	1332
5122	242	629
5122	130	1269
5122	923	1204
5123	45	1108
5123	608	1373
5124	66	849
5124	973	1068
5125	694	897
5126	1363	1628
5126	767	1273
5129	828	1383
5130	694	1077
5131	270	427
5132	988	1019
5133	854	1307
5133	182	707
5133	585	995
5133	683	1047
5137	25	84
5137	34	646
5137	24	1617
5138	954	1409
5140	884	1060
5141	397	776
5143	806	1380
5143	838	1549
5144	232	613
5145	958	1006
5145	96	1038
5146	1256	1606
5146	867	1607
5146	177	1594
5148	425	1107
5148	555	693
5149	176	358
5152	443	737
5153	72	1459
5154	310	1008
5154	68	1159
5154	299	373
5154	889	1506
5154	427	504
5154	680	1057
5155	861	1250
5157	258	1107
5157	636	1490
5162	1420	1511
5162	73	1316
5165	74	953
5166	508	1145
5166	1316	1337
5167	95	454
5168	231	527
5168	242	1123
5171	109	365
5171	380	1612
5173	90	937
5174	49	1566
5175	988	1258
5176	64	475
5176	104	501
5176	394	402
5176	1228	1441
5177	30	1152
5177	20	1152
5177	253	553
5177	850	897
5178	784	1626
5179	1024	1461
5179	875	1568
5180	354	603
5180	543	1352
5180	1152	1373
5180	211	1440
5181	182	1405
5183	1214	1477
5187	1346	1593
5191	351	439
5193	174	1558
5194	272	1333
5194	363	1089
5197	433	1147
5198	644	1630
5198	681	1269
5198	857	1609
5199	34	547
5199	1200	1291
5202	467	652
5202	645	1438
5204	1367	1584
5204	498	1296
5204	1025	1507
5205	13	883
5209	682	1292
5211	80	499
5211	160	1475
5213	33	1292
5214	84	215
5215	172	1398
5215	1289	1369
5215	145	1284
5216	1495	1553
5218	197	414
5220	1152	1429
5222	492	1091
5224	467	1602
5226	38	1200
5226	573	1339
5227	997	1455
5229	299	819
5230	684	737
5231	591	1610
5231	401	555
5235	75	1082
5237	370	1627
5240	742	1097
5241	491	1082
5241	1069	1364
5242	1073	1213
5244	423	815
5246	332	1108
5247	663	680
5247	639	1052
5250	1243	1261
5250	739	950
5250	921	1271
5251	497	894
5251	275	1482
5252	497	1020
5254	387	1059
5254	191	657
5256	247	384
5256	1033	1121
5256	685	1153
5256	685	1299
5258	554	818
5261	416	1302
5262	594	1362
5263	101	240
5263	967	1249
5264	80	730
5264	393	1599
5268	71	886
5268	333	452
5269	93	198
5269	410	988
5270	783	1626
5270	625	773
5272	1065	1598
5272	586	1483
5272	586	1600
5272	65	1282
5273	304	363
5273	436	1569
5277	285	594
5278	614	841
5279	230	1279
5279	255	614
5279	593	1079
5279	238	1173
5280	959	1247
5282	16	555
5282	600	700
5284	1005	1024
5284	67	1156
5284	7	601
5285	465	675
5286	852	900
5288	68	1519
5289	1273	1524
5291	350	1090
5292	253	950
5293	935	1387
5294	571	709
5294	36	1044
5296	1159	1518
5296	191	316
5296	422	1450
5296	1180	1348
5298	281	1626
5298	384	626
5299	802	1014
5300	185	1189
5301	702	883
5301	742	1476
5302	1097	1476
5302	591	781
5303	791	800
5305	1313	1565
5307	605	1536
5308	443	475
5311	1	829
5311	195	1422
5311	38	735
5311	88	1166
5312	249	1060
5314	480	529
5314	644	777
5315	14	137
5315	397	835
5316	862	1513
5316	644	939
5317	355	1167
5317	1219	1508
5317	576	923
5317	941	1581
5317	77	1063
5317	895	1123
5317	602	1591
5318	19	1236
5319	661	1338
5321	585	1393
5323	540	1050
5325	142	440
5328	940	1254
5328	386	1225
5330	174	1527
5330	991	1620
5332	52	209
5333	432	826
5333	312	557
5335	432	998
5338	521	1082
5338	736	1429
5339	894	895
5340	895	1020
5341	71	374
5342	809	1035
5342	352	502
5343	38	1370
5344	835	1042
5345	324	411
5349	198	566
5350	50	1039
5351	199	582
5351	285	1362
5352	1004	1015
5352	107	450
5354	926	1234
5354	644	904
5357	737	1140
5359	1394	1457
5361	72	566
5363	600	1352
5364	866	1256
5365	787	1583
5365	385	1197
5366	62	1121
5367	16	1553
5367	694	1416
5369	1098	1613
5372	704	845
5373	342	1550
5374	190	1562
5377	1199	1475
5377	192	255
5377	258	702
5379	362	423
5381	62	257
5381	89	1061
5383	783	1625
5384	566	921
5384	418	605
5384	89	1044
5384	947	1481
5385	24	1062
5385	526	832
5387	1280	1405
5388	739	1048
5392	1285	1312
5393	128	382
5393	258	386
5393	733	1018
5395	39	1127
5399	970	1416
5400	934	1461
5401	268	640
5401	59	668
5403	160	1522
5403	1024	1111
5404	862	917
5405	258	342
5406	370	1236
5408	173	531
5408	78	551
5412	115	583
5413	1077	1078
5413	735	1459
5415	668	1298
5416	36	278
5417	342	425
5418	110	1564
5418	246	962
5418	1108	1371
5418	34	761
5419	248	1159
5419	399	971
5419	49	1237
5419	294	386
5419	141	419
5422	937	1468
5422	702	1225
5422	1135	1159
5422	1107	1225
5423	188	996
5423	425	702
5423	1221	1575
5424	738	1462
5425	154	1247
5427	198	743
5428	386	883
5429	587	604
5429	342	1257
5429	696	824
5431	246	1549
5432	517	1173
5432	426	1477
5433	645	1121
5434	45	887
5436	175	761
5436	386	425
5436	647	1056
5437	984	1129
5439	366	1142
5442	12	120
5442	877	1137
5443	1218	1560
5446	337	1513
5446	180	451
5446	717	772
5446	217	1008
5449	560	1610
5451	342	386
5453	441	1433
5454	1130	1564
5455	435	780
5455	42	1452
5458	1074	1569
5458	1488	1515
5458	265	649
5458	608	726
5458	1282	1484
5459	601	1019
5459	294	1257
5461	338	906
5464	455	1153
5464	455	1299
5464	169	973
5464	14	154
5467	71	840
5467	492	1192
5467	654	1094
5469	191	1208
5470	694	850
5472	123	1357
5473	436	801
5474	200	728
5474	196	1384
5475	463	1023
5475	833	1102
5478	947	1278
5480	598	891
5482	103	1507
5482	111	899
5482	427	735
5484	1057	1550
5485	1030	1285
5485	95	744
5487	1225	1257
5489	581	851
5491	223	275
5492	235	1537
5493	22	782
5493	887	1370
5495	726	1500
5495	48	1261
5496	539	1024
5496	473	969
5496	883	1057
5499	171	519
5500	610	1039
5502	114	428
5502	600	1013
5502	979	1289
5503	1133	1367
5504	776	976
5504	399	474
5504	804	1118
5505	210	763
5506	1398	1492
5507	648	1162
5508	497	1046
5510	5	772
5510	165	1117
5511	399	1078
5511	441	1155
5514	949	1008
5515	874	1521
5515	894	989
5517	989	1020
5518	258	1257
5521	918	1012
5521	920	1171
5521	649	1418
5523	64	737
5526	883	1257
5529	45	332
5530	482	1016
5532	1397	1491
5532	1236	1348
5532	553	1153
5534	553	1299
5534	765	1551
5536	725	1570
5536	140	1134
5537	342	1106
5538	735	1370
5539	455	1619
5540	995	1193
5540	496	1586
5542	149	232
5544	580	655
5544	770	1544
5545	700	1013
5545	776	975
5545	953	1408
5546	13	258
5546	260	627
5546	248	1135
5547	69	430
5548	170	533
5549	13	425
5549	501	1171
5551	402	881
5553	323	601
5555	545	736
5556	417	784
5557	470	698
5558	289	1332
5561	133	320
5562	425	1257
5563	1515	1565
5563	897	1077
5564	906	1071
5566	84	1280
5566	1458	1587
5566	239	259
5569	270	1459
5569	550	946
5572	417	783
5573	153	1049
5576	737	1356
5578	13	1550
5578	1421	1454
5579	989	1046
5580	498	871
5580	239	971
5582	545	1152
5583	1226	1491
5585	523	730
5586	386	1550
5588	253	1300
5588	1518	1609
5588	646	1088
5588	1106	1225
5588	116	707
5591	204	924
5592	91	1312
5594	1057	1106
5594	1494	1552
5596	753	1385
5597	148	355
5600	726	1152
5600	159	488
5600	894	1046
5602	1020	1046
5603	563	899
5604	765	1384
5604	820	1521
5605	289	393
5605	13	1057
5607	72	743
5607	199	726
5609	737	1081
5609	969	1001
5610	538	1355
5611	192	766
5611	617	986
5611	104	1171
5611	67	269
5611	1019	1258
5611	419	1548
5612	824	900
5614	984	1334
5616	100	498
5619	171	1381
5621	801	1074
5621	421	768
5624	702	1550
5624	499	523
5625	185	274
5626	374	886
5626	799	1145
5628	801	1241
5628	1106	1550
5630	1024	1479
5630	328	886
5630	395	686
5631	608	1429
5631	549	822
5634	1329	1419
5635	425	1057
5635	1057	1107
5635	2	791
5635	269	1030
5635	573	577
5636	263	421
5638	319	347
5639	289	1599
5640	850	1078
5640	1273	1525
5642	934	1005
5642	656	1099
5644	826	1085
5644	998	1085
5645	1151	1429
5646	341	1429
5647	505	853
5648	184	421
5648	646	1567
5648	514	1351
5648	126	1019
5650	25	707
5650	763	1058
5650	536	998
5651	536	826
5654	196	1551
5657	45	1371
5659	1037	1593
5660	29	1135
5660	395	1102
5660	258	1057
5661	1044	1074
5661	623	648
5662	246	907
5662	298	1350
5665	397	1042
5666	270	743
5666	105	523
5669	885	1413
5669	523	1465
5670	342	883
5671	1089	1473
5672	368	1585
5674	983	1532
5677	282	1386
5678	282	812
5678	1057	1225
5678	704	764
5680	410	1519
5680	126	1258
5682	726	736
5683	415	850
5685	226	778
5687	7	323
5687	430	1039
5687	19	1348
5688	885	1199
5689	930	1470
5689	71	847
5690	1227	1258
5692	623	965
5692	66	1612
5692	1469	1604
5693	106	1183
5695	1056	1072
5695	91	1030
5697	1393	1483
5697	1393	1600
5697	29	410
5697	106	1314
5697	745	1451
5698	435	876
5698	761	1088
5699	750	1412
5699	572	1515
5700	675	1205
5701	509	941
5702	472	1214
5702	1475	1522
5704	338	1071
5705	1019	1227
5706	655	1036
5708	540	853
5711	329	1002
5711	971	1078
5712	340	833
5714	953	1394
5715	129	739
5716	1257	1550
5718	731	1421
5719	928	1069
5723	257	1121
5728	437	1324
5728	992	1232
5730	873	1120
5731	36	436
5733	424	1101
5737	550	1191
5738	608	1152
5740	84	182
5741	415	1078
5743	62	1033
5744	466	656
5744	482	1546
5745	26	628
5747	418	1536
5748	164	1220
5750	1453	1573
5751	294	702
5752	208	1419
5754	1103	1167
5754	684	1140
5755	305	966
5756	1020	1123
5758	7	681
5759	371	653
5760	767	1618
5761	894	1123
5761	585	586
5761	505	1050
5761	726	1429
5762	427	1459
5762	474	1004
5763	344	1064
5764	110	1130
5765	617	1158
5766	154	959
5766	272	534
5769	196	765
5769	671	1446
5769	153	991
5772	257	1033
5773	340	395
5775	121	222
5776	1273	1618
5778	655	811
5779	210	357
5780	455	685
5780	315	637
5781	545	608
5782	269	1312
5783	1282	1563
5783	29	68
5784	155	393
5785	925	984
5785	82	483
5785	1111	1479
5786	358	921
5787	608	736
5787	305	757
5787	397	976
5787	29	632
5787	29	54
5787	132	1224
5788	987	1518
5790	425	1106
5792	551	823
5793	396	1165
5794	1241	1569
5795	14	1247
5796	112	728
5798	655	1136
5799	13	1225
5801	115	186
5804	18	1111
5805	539	1062
5808	219	967
5809	36	1074
5810	709	1166
5810	973	1113
5810	284	493
5812	904	1630
5815	686	833
5820	367	868
5823	308	494
5824	349	1120
5824	230	618
5825	1069	1535
5827	648	965
5828	247	626
5830	562	602
5832	30	545
5833	20	545
5836	940	1487
5837	505	540
5839	848	1229
5841	710	1456
5843	258	1106
5843	545	1373
5843	543	600
5843	1095	1288
5846	395	833
5847	475	1296
5850	23	278
5850	771	1052
5850	807	1315
5851	1173	1478
5852	84	707
5854	846	1353
5854	1006	1504
5856	1144	1181
5857	924	1067
5860	586	995
5861	213	789
5861	820	874
5861	317	1611
5863	328	1342
5866	559	1170
5870	652	1602
5872	1278	1481
5874	986	1158
5877	436	1044
5878	544	828
5879	618	1279
5879	150	621
5881	47	621
5883	988	1227
5883	883	1225
5884	1254	1410
5884	615	650
5885	730	1465
5886	29	1519
5888	105	730
5888	1022	1496
5890	202	326
5892	1140	1356
5893	534	1333
5893	175	646
5895	960	1180
5896	761	1567
5896	605	713
5897	805	1010
5899	774	795
5899	582	1500
5901	1264	1387
5902	504	1271
5902	715	841
5902	426	472
5906	242	895
5907	965	1162
5907	520	1415
5907	415	1077
5907	199	1500
5907	850	1077
5907	764	845
5909	987	1609
5910	572	1488
5913	907	1549
5913	109	831
5915	925	1334
5916	126	988
5919	673	1263
5921	631	942
5921	489	829
5922	902	1604
5923	156	1588
5925	553	1300
5925	50	610
5926	28	1137
5927	153	1620
5931	585	1483
5932	585	1600
5935	112	200
5935	1297	1572
5937	18	1024
5937	897	970
5939	890	1115
5939	1484	1563
5939	403	512
5939	32	1480
5941	646	761
5942	767	1525
5943	34	1567
5943	13	1107
5945	41	670
5946	339	714
5948	950	1048
5948	472	1477
5948	346	1156
5949	757	1217
5949	339	361
5950	1209	1406
5950	68	1135
5950	512	1335
5952	16	693
5952	454	744
5954	966	1217
5954	362	815
5956	1226	1397
5958	161	1252
5958	12	1142
5961	1313	1395
5963	517	1478
5963	928	1364
5963	499	1465
5965	105	499
5968	635	1577
5969	811	1036
5971	564	911
5973	1501	1526
5977	322	376
5979	413	908
5981	883	1106
5982	925	1129
5982	1201	1260
5983	508	799
5984	305	1217
5985	883	1550
5986	806	1011
5988	840	847
5988	34	1088
5988	318	860
5989	734	944
5991	169	1113
5991	577	1339
5993	1005	1461
5995	443	1081
5997	143	244
5999	72	270
5999	1161	1460
5999	1155	1433
6000	288	1545
6000	375	1051
6000	410	632
6003	54	410
6005	339	448
6005	54	1519
6005	632	1519
6007	729	1541
6009	431	1530
6010	907	962
6010	356	1396
6012	634	863
6016	184	263
6017	892	1629
6018	657	1208
6019	300	575
6021	205	379
6022	377	916
6022	64	443
6022	991	1049
6024	18	1479
6025	580	1136
6026	386	702
6027	417	1626
6028	724	1588
6031	255	766
6033	204	1067
6035	1129	1334
6035	156	724
6036	426	1214
6037	265	1418
6038	316	1208
6041	1091	1192
6042	466	1099
6043	684	1356
6043	442	1471
6044	453	1526
6046	339	620
6046	310	949
6046	118	1277
6048	425	883
6050	146	714
6053	163	721
6054	258	883
6056	685	1619
6059	91	1285
6060	25	116
6062	146	361
6063	946	1191
6063	223	1482
6064	702	1257
6064	783	784
6064	372	1087
6065	620	714
6067	561	755
6068	902	1469
6069	636	691
6071	258	1225
6072	575	808
6073	340	1102
6075	497	989
6077	1294	1295
6078	701	1341
6080	1225	1550
6082	425	1225
6082	1295	1354
6084	635	798
6085	1294	1354
6085	798	1577
6086	182	1280
6087	1088	1567
6090	1096	1320
6091	258	1550
6091	207	896
6091	1525	1618
6092	532	1598
6092	146	448
6092	249	884
6092	300	808
6092	125	1295
6094	90	1468
6096	501	920
6097	962	1549
6100	436	1074
6101	448	620
6101	117	1075
6101	125	1354
6101	425	1550
6102	801	1569
6104	1215	1497
6106	146	339
6108	519	1381
6112	102	1245
6112	406	1245
6113	332	1371
6114	361	620
6115	361	714
6115	525	708
6116	361	448
6117	146	620
6118	1030	1312
6120	386	1257
6122	341	1151
6124	552	1463
6127	507	588
6129	453	1501
6130	499	730
6131	1332	1599
6132	64	1081
6135	736	1152
6137	75	521
6138	491	521
6138	448	714
6139	757	966
6141	126	1227
6144	334	1163
6146	125	1294
6147	316	657
6147	189	314
6148	258	425
6151	403	1335
6156	100	871
6158	30	1373
6159	20	1373
6160	1389	1404
6160	33	682
6161	777	939
6164	1029	1576
6166	75	491
6169	105	1465
6171	894	1020
6171	73	1337
6172	1183	1314
6172	220	749
6173	826	998
6175	407	408
6175	102	406
6178	20	30
6179	4	21
6182	54	632
6182	812	1386
6185	47	150
6186	830	1327
6187	343	353
6188	1031	1032
6195	1153	1299
6220	1483	1600
