0	10	166
1	2	71
2	62	168
2	17	148
2	59	75
2	73	91
2	112	153
3	52	116
3	149	156
5	9	132
5	64	79
5	107	160
5	159	171
6	123	173
7	2	45
10	1	134
10	18	78
10	96	167
11	67	159
13	74	88
13	85	138
13	36	107
13	86	136
13	68	140
13	27	43
13	164	169
13	101	116
13	21	64
13	4	64
14	69	109
14	26	43
15	40	136
17	25	52
18	83	92
19	5	65
20	29	46
20	2	107
21	55	92
22	16	156
22	1	126
22	47	104
23	104	150
23	64	115
23	34	171
23	43	150
26	43	47
26	27	141
29	115	142
29	33	89
32	18	114
33	20	95
33	30	95
34	64	78
34	107	117
34	58	64
34	77	142
35	132	145
36	71	93
36	75	81
37	25	101
37	42	164
38	52	84
43	50	109
44	28	30
46	20	28
47	17	31
47	14	84
47	97	103
48	112	123
50	156	166
52	38	71
52	76	119
52	137	169
54	3	69
54	29	140
57	34	110
57	86	153
57	3	139
57	7	162
57	67	73
58	16	43
59	103	153
62	86	169
65	143	152
67	16	149
67	37	76
68	35	75
69	45	114
71	80	129
71	40	137
72	30	114
73	20	114
73	7	46
75	80	121
77	25	154
77	130	162
77	11	42
77	11	112
77	76	86
77	6	34
78	77	152
79	54	140
79	100	123
80	46	54
81	70	147
82	78	142
83	61	82
83	49	73
85	11	79
85	116	154
86	73	110
87	84	101
88	34	141
88	8	43
90	46	107
90	95	129
92	95	133
94	142	164
95	124	153
95	62	146
95	9	82
96	11	100
96	100	115
99	109	127
100	87	157
101	21	79
102	4	79
103	64	114
104	1	140
104	7	10
104	91	159
105	55	161
106	14	129
106	25	143
106	31	44
107	149	150
108	47	149
108	78	123
110	18	152
111	86	121
113	129	154
113	116	143
115	37	164
119	63	139
123	2	117
124	105	124
125	19	88
127	39	87
127	13	141
128	21	133
129	4	133
130	46	89
131	20	152
131	30	152
132	97	153
132	15	99
132	66	114
133	129	137
134	22	96
134	21	112
137	4	112
137	80	86
138	141	168
138	58	129
138	60	127
138	95	100
139	36	71
139	56	106
140	5	131
140	45	160
142	58	77
142	113	146
143	2	38
143	2	33
144	34	168
145	100	125
145	97	137
146	32	157
147	80	124
148	27	166
149	27	41
151	45	125
154	23	107
154	76	105
155	84	137
155	68	98
157	38	66
161	17	61
161	6	27
162	28	115
163	132	144
163	49	56
165	76	164
165	13	113
167	1	98
168	23	71
169	14	25
170	77	115
171	75	157
172	24	114
173	103	109
176	15	108
180	10	130
181	10	57
181	155	169
182	77	123
182	116	136
184	26	57
186	38	125
188	14	116
189	41	113
189	80	103
189	21	24
189	4	24
190	104	172
192	13	27
192	58	174
193	84	143
193	117	134
195	37	155
196	50	118
197	46	126
200	71	160
200	29	98
202	84	136
203	108	123
205	51	59
205	77	112
205	10	149
205	92	138
206	148	165
206	25	136
206	130	140
206	76	169
206	11	64
207	98	107
209	76	129
209	105	121
209	72	114
210	45	71
210	151	159
210	90	147
211	24	95
212	70	122
212	23	134
212	146	151
215	54	98
218	86	105
219	76	80
220	27	168
221	14	97
223	66	72
224	18	95
226	114	133
226	173	174
227	38	160
228	129	153
228	92	161
230	99	174
230	40	119
230	34	73
231	83	158
233	13	26
233	166	172
234	71	134
234	103	105
235	4	42
235	21	42
236	1	57
237	20	21
237	4	20
238	21	30
240	4	30
241	6	151
242	33	72
242	104	149
242	32	81
243	97	154
243	1	89
245	79	123
246	28	45
246	103	121
246	69	135
247	104	166
251	13	172
251	32	35
251	18	125
252	59	122
253	86	154
253	21	115
255	4	115
258	26	172
260	73	159
261	44	145
263	113	172
264	25	137
265	110	159
265	114	125
266	43	172
268	21	95
269	4	95
273	126	140
273	80	97
273	24	125
275	86	137
276	7	26
278	28	93
278	111	139
278	116	137
279	77	79
280	106	171
280	43	156
280	5	70
281	55	56
285	111	118
285	15	163
285	10	172
286	117	160
286	39	157
286	14	86
287	115	152
288	30	64
289	20	64
291	77	100
292	55	85
293	10	126
293	64	123
296	27	149
296	42	143
299	11	78
302	5	147
302	98	130
304	119	155
304	33	117
304	93	114
304	16	166
305	55	138
305	61	145
306	18	21
306	4	18
307	40	169
308	142	143
308	11	133
309	76	153
309	93	125
310	10	43
310	23	46
310	69	127
311	113	151
313	33	93
313	13	146
315	107	140
316	123	174
316	20	77
316	30	77
317	36	134
319	36	46
320	21	78
320	4	78
323	33	160
324	104	113
324	71	89
325	31	145
326	6	113
327	11	142
328	163	174
332	113	141
332	46	140
334	75	87
335	11	95
336	100	114
336	150	166
336	47	166
337	7	140
337	62	171
337	22	167
337	62	141
337	85	92
340	77	133
342	122	131
342	116	119
347	58	78
347	104	168
348	25	164
349	96	102
351	40	143
351	40	76
351	1	23
351	30	100
353	20	100
357	11	115
357	109	121
357	116	164
359	62	159
362	37	40
362	26	126
364	151	168
365	66	71
365	56	73
367	64	95
367	95	123
367	11	24
367	33	38
367	101	169
367	25	119
370	125	133
371	26	130
371	56	171
371	12	170
371	84	119
373	15	174
375	115	125
376	62	73
377	57	140
377	24	115
378	58	112
380	97	105
381	98	126
382	45	66
384	6	104
384	46	98
385	46	57
385	95	112
386	66	93
388	11	20
391	11	30
393	52	169
394	77	78
396	49	171
397	83	165
398	28	38
399	76	84
400	11	152
401	34	151
402	30	125
402	20	125
403	78	129
404	19	90
405	72	125
407	148	158
408	37	116
409	79	129
410	58	95
410	27	104
412	69	118
413	1	36
415	84	164
416	33	66
417	105	137
417	21	77
418	4	77
421	57	130
421	89	134
422	36	117
424	50	135
424	18	64
426	76	154
426	113	168
426	115	133
426	25	37
427	149	172
427	7	98
428	136	155
429	18	100
431	64	133
434	37	52
436	120	170
436	32	39
436	28	72
436	35	87
438	127	135
438	24	77
439	3	118
439	41	168
440	63	96
441	108	174
442	64	77
442	57	68
445	28	125
446	158	165
446	10	54
447	116	169
448	19	147
448	84	169
453	10	29
453	80	137
454	74	110
454	10	68
454	86	97
456	37	84
457	71	117
458	18	115
459	11	18
459	62	151
462	18	77
464	25	169
465	34	62
467	37	101
468	58	123
470	25	76
472	103	124
473	33	45
474	38	93
474	26	54
474	4	142
476	21	142
476	14	76
478	7	54
479	7	68
479	101	119
479	101	155
480	23	117
482	37	136
482	29	57
483	32	87
483	57	98
483	97	121
485	4	152
485	21	152
486	101	136
486	43	166
487	102	167
487	7	29
488	54	130
489	76	116
490	79	95
492	14	105
495	137	153
496	65	147
496	22	102
496	52	119
497	7	57
498	50	127
500	24	64
501	60	128
503	141	151
506	100	133
506	29	130
506	42	152
508	26	29
513	58	79
513	89	117
516	54	57
517	141	146
523	81	87
523	27	172
524	65	90
526	78	95
526	27	113
526	42	142
527	41	104
527	68	130
527	163	173
528	11	77
528	14	80
528	6	41
529	10	26
532	73	171
534	33	71
535	99	108
535	24	100
536	112	129
536	43	149
537	136	169
540	67	110
541	108	163
541	40	164
544	38	72
547	126	130
548	26	68
548	14	153
551	105	154
552	76	137
553	39	75
555	77	95
556	105	153
557	142	152
557	45	72
558	52	155
559	52	136
559	74	91
560	19	65
560	20	115
561	30	115
561	24	30
561	20	24
562	25	40
563	31	61
566	40	116
569	143	164
571	68	126
572	7	126
573	38	45
573	108	173
575	64	100
575	50	69
575	80	154
575	23	89
576	37	169
577	1	46
578	149	166
578	45	93
578	35	81
580	78	79
584	99	173
584	78	112
586	9	144
586	153	154
587	3	111
588	85	161
589	67	74
590	57	126
593	34	159
597	29	126
598	67	91
600	119	136
601	37	119
603	30	133
604	20	133
605	2	160
605	36	89
606	16	150
608	16	47
610	11	21
611	4	11
612	32	75
612	79	112
614	72	93
616	8	156
619	18	133
623	18	20
625	18	30
628	137	154
632	54	126
634	70	131
636	40	84
636	49	106
638	52	101
638	91	110
638	7	130
638	99	163
639	80	153
642	6	168
646	18	24
646	23	36
646	119	169
648	98	140
648	80	105
649	84	116
651	54	68
652	24	133
652	25	84
653	14	137
653	12	120
655	14	154
655	29	68
655	29	54
657	25	116
657	20	30
658	4	21
661	47	150
