0.932290614930218	10	166
0.932381393837636	2	71
0.932945000606045	62	168
0.933066555601399	17	148
0.933088898124256	59	75
0.933518269921019	73	91
0.933639084732082	112	153
0.93369905085758	52	116
0.933720478030143	149	156
0.933750334396116	9	132
0.933988356383457	64	79
0.934093267481343	107	160
0.934125489863136	159	171
0.935195752801168	123	173
0.935401502211713	2	45
0.93543870243915	1	134
0.935487503160595	18	78
0.935623587210131	96	167
0.935728890359083	67	159
0.935755756960045	74	88
0.935955008662626	85	138
0.936095268656602	36	107
0.936362339002374	86	136
0.936788807958183	68	140
0.936820780337603	27	43
0.936829157379147	164	169
0.936981164375201	101	116
0.937055420802957	21	64
0.93705835095885	4	64
0.9371791412031	69	109
0.937244677115122	26	43
0.937250593989378	40	136
0.937358161134435	25	52
0.93752320639871	83	92
0.937986353075898	5	65
0.938053735290039	29	46
0.938297438628137	2	107
0.938489235041278	55	92
0.938512315983078	16	156
0.938531193891467	1	126
0.938563334899407	47	104
0.938563957099242	104	150
0.938596781802302	64	115
0.938627423735278	34	171
0.938714778035126	43	150
0.938715997565981	43	47
0.938901591528792	27	141
0.939224867490132	115	142
0.939298102300085	33	89
0.939314557139862	18	114
0.939344482790503	20	95
0.939348447254127	30	95
0.939666993642841	64	78
0.939724404535684	107	117
0.939869729156889	58	64
0.939877771784667	77	142
0.939891870161083	132	145
0.940358395554568	71	93
0.940470351818548	75	81
0.940568614054864	25	101
0.940572308232862	42	164
0.940587889093964	52	84
0.940698234847402	50	109
0.940724897727249	28	30
0.940728950222593	20	28
0.940819328650004	17	31
0.940856664135005	14	84
0.941075321497915	97	103
0.941120998468704	112	123
0.941227130683198	156	166
0.941279436440806	38	71
0.941408337403206	76	119
0.941513747271662	137	169
0.941710711511331	3	69
0.941741020791128	29	140
0.941814129165513	34	110
0.94185203407057	86	153
0.942459983767264	3	139
0.942583928588423	7	162
0.94272461048323	67	73
0.942905782096295	16	43
0.942940745771098	103	153
0.943111742041064	86	169
0.943273062122437	143	152
0.943290745688922	16	149
0.943440119621696	37	76
0.943591065962225	35	75
0.943684842658273	45	114
0.943878981327819	80	129
0.943887429511959	40	137
0.944146345817063	30	114
0.944152648300008	20	114
0.944207430188951	7	46
0.9442103648779	80	121
0.944272800498831	25	154
0.944618643750527	130	162
0.944785284369328	11	42
0.94484630551945	11	112
0.944851491143712	76	86
0.944972400743009	6	34
0.945065977894285	77	152
0.945162832066574	54	140
0.945249903886927	100	123
0.945322576054857	46	54
0.945649024431466	70	147
0.945738414739706	78	142
0.946024223737729	61	82
0.946201342227702	49	73
0.946392475895409	11	79
0.946404344132358	116	154
0.946509243258115	73	110
0.946531914565287	84	101
0.946554437078166	34	141
0.946752894853099	8	43
0.946828663979997	46	107
0.946830739575377	95	129
0.94683464387119	95	133
0.946868015590323	142	164
0.946909571095398	124	153
0.946945033744653	62	146
0.946955815254835	9	82
0.946962673687959	11	100
0.947023036245348	100	115
0.94711183811287	109	127
0.947202091699884	87	157
0.94727689213066	21	79
0.947278538182364	4	79
0.947542441094251	64	114
0.947563720313403	1	140
0.947736066863791	7	10
0.947829795671584	91	159
0.948002710058093	55	161
0.948304714804994	14	129
0.948435488010448	25	143
0.948605044711346	31	44
0.948633473480924	149	150
0.948634148611809	47	149
0.948870548822601	78	123
0.949211433958522	18	152
0.949470616049766	86	121
0.949626306037536	129	154
0.949657708317548	116	143
0.949866900692251	37	164
0.950066120787729	63	139
0.950209402634219	2	117
0.95041514352812	105	124
0.95048681575501	19	88
0.950534441024439	39	87
0.950717968375974	13	141
0.950756913171161	21	133
0.950758835045615	4	133
0.950864192455774	46	89
0.950915021523153	20	152
0.950920818689845	30	152
0.951109883767703	97	153
0.951259267904923	15	99
0.951347832214908	66	114
0.951401008628998	129	137
0.951440041308763	22	96
0.951440224608889	21	112
0.951441261496941	4	112
0.951587899576494	80	86
0.951724552522337	141	168
0.95190431586006	58	129
0.951911493267244	60	127
0.952093761702225	95	100
0.952118171028536	36	71
0.952226150011735	56	106
0.952368168579378	5	131
0.95243689705178	45	160
0.952538821583992	58	77
0.952647627972503	113	146
0.952698852878487	2	38
0.952811059840081	2	33
0.952874380704149	34	168
0.95288821943604	100	125
0.952918912337857	97	137
0.952955272478173	32	157
0.952986104666502	80	124
0.952986304312093	27	166
0.953086586131954	27	41
0.95323823050691	45	125
0.953435968373839	23	107
0.953445845765386	76	105
0.953538098124569	84	137
0.953591129697499	68	98
0.953657058620465	38	66
0.953685948391491	17	61
0.953754457470733	6	27
0.954190020414405	28	115
0.954231863749806	132	144
0.954271287790438	49	56
0.954463678387195	76	164
0.954647750937204	13	113
0.954672212517794	1	98
0.954783767503886	23	71
0.954864343472837	14	25
0.954951353549516	77	115
0.954952077041627	75	157
0.954984204168606	24	114
0.955249015474641	103	109
0.955250680415405	15	108
0.955340068404753	10	130
0.955401076064058	10	57
0.955433697724256	155	169
0.955861016250571	77	123
0.956334809045916	116	136
0.956397836238537	26	57
0.956467829632372	38	125
0.956701266286523	14	116
0.957015376577946	41	113
0.957199085693448	80	103
0.957415957615197	21	24
0.957417966488116	4	24
0.957480711682234	104	172
0.957540506087415	13	27
0.957568997045002	58	174
0.957583832850172	84	143
0.957668521373026	117	134
0.957740810430588	37	155
0.957837685539137	50	118
0.957928160183149	46	126
0.958017280872629	71	160
0.958111471054375	29	98
0.958156565574028	84	136
0.958211578991714	108	123
0.958432764713954	51	59
0.958455994605915	77	112
0.958716712628358	10	149
0.958740042180214	92	138
0.958971541848299	148	165
0.959116972150012	25	136
0.959133371071563	130	140
0.959266557722513	76	169
0.959517490336099	11	64
0.959681095188584	98	107
0.959787823364106	76	129
0.960016173250176	105	121
0.960121558252807	72	114
0.960142063718542	45	71
0.960233562922071	151	159
0.960327098387872	90	147
0.960654266089873	24	95
0.960810578787198	70	122
0.96090365711675	23	134
0.961000730401486	146	151
0.961255815813748	54	98
0.961348806130439	86	105
0.961368469120248	76	80
0.961380135251433	27	168
0.961406338538487	14	97
0.961722433227459	66	72
0.961791022305836	18	95
0.961993021104884	114	133
0.962005877027773	173	174
0.96206191237081	38	160
0.962072956854802	129	153
0.962097425480827	92	161
0.962146230490824	99	174
0.962213154964477	40	119
0.962330515788488	34	73
0.962393220012831	83	158
0.962437271001067	13	26
0.96250481328503	166	172
0.96259155910577	71	134
0.962852099455775	103	105
0.96285965412955	4	42
0.962861933440304	21	42
0.962998496030561	1	57
0.963121339282512	20	21
0.963122592605383	4	20
0.963126767442307	21	30
0.963128020656693	4	30
0.96337324594344	6	151
0.963435928527192	33	72
0.963493948098415	104	149
0.963577595383333	32	81
0.963658685296104	97	154
0.96393587017296	1	89
0.964024425058161	79	123
0.964339478773338	28	45
0.964422147888289	103	121
0.964466737587116	69	135
0.964477939943908	104	166
0.96449523686235	13	172
0.964800049207584	32	35
0.965099531439087	18	125
0.965119717113987	59	122
0.965285586172247	86	154
0.965348793545144	21	115
0.965349168843887	4	115
0.96547422293358	26	172
0.965604125885117	73	159
0.965781108031676	44	145
0.965812032845687	113	172
0.965818565804426	25	137
0.966001840657222	110	159
0.966002256237028	114	125
0.966020110541109	43	172
0.966087029685107	21	95
0.96608903117989	4	95
0.966145121728409	126	140
0.966261080952578	80	97
0.966262833495324	24	125
0.966739123328728	86	137
0.966872040045616	7	26
0.967089136633446	28	93
0.96724068085389	111	139
0.967468039380492	116	137
0.967653384614602	77	79
0.967915812484214	106	171
0.96799839789558	43	156
0.968017813544763	5	70
0.968218535688585	55	56
0.968287037322045	111	118
0.968359798528229	15	163
0.968698697956583	10	172
0.968737742311033	117	160
0.968778569039137	39	157
0.968852205732157	14	86
0.969042568433852	115	152
0.969074586805565	30	64
0.969074921919792	20	64
0.969196714122653	77	100
0.969407792790309	55	85
0.969454817980071	10	126
0.969606595478121	64	123
0.969683227589854	27	149
0.96979641969886	42	143
0.969814219682309	11	78
0.969814605277242	5	147
0.969814635575566	98	130
0.969952140942962	119	155
0.970012851180092	33	117
0.970082991936688	93	114
0.970230092842452	16	166
0.970498654196126	55	138
0.970993704410113	61	145
0.971070319655841	18	21
0.971071844973381	4	18
0.971151027523951	40	169
0.971171221973193	142	143
0.971299717752103	11	133
0.971312957659388	76	153
0.971360154946401	93	125
0.971368668102383	10	43
0.971368816226576	23	46
0.971564974580432	69	127
0.971645608916765	113	151
0.971718910098584	33	93
0.971753734606211	13	146
0.972161165998006	107	140
0.972184755054333	123	174
0.972246139130876	20	77
0.972249152645496	30	77
0.972294711706842	36	134
0.972297456378784	36	46
0.972567518928374	21	78
0.97256859750279	4	78
0.972688891468395	33	160
0.972691882703879	104	113
0.972720104204351	71	89
0.97284468811294	31	145
0.972879430031595	6	113
0.973002444883079	11	142
0.973144939814642	163	174
0.973179360479193	113	141
0.97381120992592	46	140
0.973816174876914	75	87
0.973817375133048	11	95
0.973920247938594	100	114
0.974343390752984	150	166
0.9743439048151	47	166
0.974422542167306	7	140
0.974446637055773	62	171
0.974524050738749	22	167
0.974637832549832	62	141
0.974840899276828	85	92
0.974880664541066	77	133
0.974930066946455	122	131
0.975007964100132	116	119
0.975131856253596	58	78
0.97520368062755	104	168
0.975241379143429	25	164
0.975466217560709	96	102
0.975604944571686	40	143
0.975736337176765	40	76
0.975760269188147	1	23
0.975850951049384	30	100
0.975852975141132	20	100
0.975896287819633	11	115
0.975914821908466	109	121
0.975986118087934	116	164
0.976054990872083	62	159
0.97615394006071	37	40
0.976196562514346	26	126
0.976303009065082	151	168
0.976384561879932	66	71
0.976444303008096	56	73
0.976545029593674	64	95
0.976703788983028	95	123
0.976741492500443	11	24
0.976963835017057	33	38
0.977107386798501	101	169
0.97721112426116	25	119
0.977254065255442	125	133
0.977333311124562	26	130
0.977387414806167	56	171
0.977464222109338	12	170
0.977641115351297	84	119
0.9777725965388	15	174
0.977852916941422	115	125
0.977903516224021	62	73
0.977988586844905	57	140
0.978000213866078	24	115
0.978067022951467	58	112
0.978183745515101	97	105
0.978399099998943	98	126
0.978532144114328	45	66
0.978543442741242	6	104
0.978555587639624	46	98
0.978681668872494	46	57
0.978792558756866	95	112
0.978861534999241	66	93
0.979042025250642	11	20
0.979046000972802	11	30
0.979476234935176	52	169
0.979700195647055	77	78
0.979798405556263	49	171
0.979841049903038	83	165
0.979888306380553	28	38
0.979930672982127	76	84
0.979949115067694	11	152
0.979981715054109	34	151
0.980085468232304	30	125
0.980088899166873	20	125
0.980434911741254	78	129
0.980453527205441	19	90
0.98069428853537	72	125
0.980895334782337	148	158
0.980963578304722	37	116
0.981064849067685	79	129
0.981252675522383	58	95
0.981318393962562	27	104
0.98135028160006	69	118
0.981362074788949	1	36
0.981596051948945	84	164
0.981753821982087	33	66
0.981940326050606	105	137
0.98194864816655	21	77
0.981950271997593	4	77
0.981954096412283	57	130
0.981957233730292	89	134
0.982078435896484	36	117
0.982389926492402	50	135
0.98239767515223	18	64
0.982545509700623	76	154
0.982608855852933	113	168
0.982759837916101	115	133
0.982920380333985	25	37
0.98292635471852	149	172
0.982969271807536	7	98
0.983076587776506	136	155
0.983079880727565	18	100
0.98318745355224	64	133
0.983254367044998	37	52
0.98327326844138	120	170
0.983377053952802	32	39
0.983413543432124	28	72
0.983461580675478	35	87
0.983538605548945	127	135
0.983552120380022	24	77
0.983654431373308	3	118
0.983787319105848	41	168
0.984089627807906	63	96
0.984112322010019	108	174
0.98429977188743	64	77
0.984329082486639	57	68
0.98434474539891	28	125
0.984725728409262	158	165
0.984755799346699	10	54
0.984812415113107	116	169
0.985010828044819	19	147
0.985276465340187	84	169
0.985342990920892	10	29
0.985471117069073	80	137
0.98571927406324	74	110
0.985907691449636	10	68
0.986028206343883	86	97
0.986141089592958	37	84
0.986212842440102	71	117
0.986248074281338	18	115
0.986298972066389	11	18
0.98632402787422	62	151
0.986359400354341	18	77
0.986435236962607	25	169
0.986735848793191	34	62
0.98686972589668	37	101
0.986975037720923	58	123
0.986993812775829	25	76
0.987099234607687	103	124
0.987133657699352	33	45
0.987135989110907	38	93
0.987236617195387	26	54
0.987239955414607	4	142
0.987241303104706	21	142
0.987569804547096	14	76
0.987572749183529	7	54
0.987629862412156	7	68
0.98763215489792	101	119
0.987682570168507	101	155
0.987684734801101	23	117
0.98768664126445	37	136
0.987848961155193	29	57
0.987850958857516	32	87
0.987877618084563	57	98
0.987958165252743	97	121
0.988042738751379	4	152
0.988043862937557	21	152
0.988044817562421	101	136
0.988089560256895	43	166
0.988123508403982	102	167
0.988124537344881	7	29
0.988250337119525	54	130
0.988341482453542	76	116
0.988367089476271	79	95
0.988715967197113	14	105
0.989020840045142	137	153
0.989286562715773	65	147
0.989392233036569	22	102
0.98942239145338	52	119
0.98944070390113	7	57
0.989506437209466	50	127
0.989527780621791	24	64
0.989610454377385	60	128
0.989872222973238	141	151
0.990059873750585	100	133
0.99008620196257	29	130
0.990128917910203	42	152
0.990165408288771	26	29
0.990187908183413	58	79
0.990441048255204	89	117
0.990460781093025	54	57
0.990472502541525	141	146
0.990501987653684	81	87
0.990519902358093	27	172
0.990524672333687	65	90
0.990622787775416	78	95
0.990839672862041	27	113
0.990886245947904	42	142
0.990900966766652	41	104
0.990983634048166	68	130
0.991049480716552	163	173
0.991139726806664	11	77
0.991147667107681	14	80
0.991267955493249	6	41
0.991375593377439	10	26
0.991616307546282	73	171
0.991645514011026	33	71
0.991909551313464	99	108
0.992085111446216	24	100
0.99241662814147	112	129
0.992475970333127	43	149
0.992552576853091	136	169
0.992585989556766	67	110
0.99262564519851	108	163
0.992668050717527	40	164
0.992675911462746	38	72
0.992729545359304	126	130
0.992827195729515	26	68
0.992849339825832	14	153
0.992899864113511	105	154
0.992967420741609	76	137
0.993220066378753	39	75
0.993250779498569	77	95
0.993595759286056	105	153
0.993778716754604	142	152
0.993882635468495	45	72
0.994094104845603	52	155
0.994147713479682	52	136
0.994251392227067	74	91
0.994274753048298	19	65
0.994283469584686	20	115
0.994284305371341	30	115
0.99449864977053	24	30
0.9944989414086	20	24
0.994637280638673	25	40
0.994743715348633	31	61
0.994814112440964	40	116
0.994986608571198	143	164
0.995097753265699	68	126
0.995111294393426	7	126
0.995117878304099	38	45
0.995165463903487	108	173
0.995183825583041	64	100
0.995199093642866	50	69
0.995211426189221	80	154
0.995276922521455	23	89
0.995328726587793	37	169
0.995398865348174	1	46
0.995457610228467	149	166
0.9955823267417	45	93
0.995604946029277	35	81
0.995638818873209	78	79
0.995805015378607	99	173
0.995948739854392	78	112
0.996055205212717	9	144
0.99611545009511	153	154
0.996154919538995	3	111
0.996173951422925	85	161
0.996322757275953	67	74
0.9964306229182	57	126
0.996586077693679	34	159
0.996620097197353	29	126
0.996667184223606	67	91
0.996681354672796	119	136
0.99677047619302	37	119
0.996825030613818	30	133
0.996825907308454	20	133
0.996871288799392	2	160
0.996877811024891	36	89
0.996909576034275	16	150
0.996909900159684	16	47
0.997037807297866	11	21
0.997038365767251	4	11
0.997103974105891	32	75
0.997127092973912	79	112
0.997161099464621	72	93
0.997185179663974	8	156
0.997225122553457	18	133
0.997259815912865	18	20
0.997260453554424	18	30
0.99731893406414	137	154
0.997335468893726	54	126
0.997419131133877	70	131
0.997458661969855	40	84
0.997645100808006	49	106
0.997645294470609	52	101
0.998008811682768	91	110
0.998102425516102	7	130
0.998120228357504	99	163
0.998125460089606	80	153
0.998246091528495	6	168
0.998275405790809	18	24
0.998275739067578	23	36
0.998304117613932	119	169
0.998515825624175	98	140
0.99857706054697	80	105
0.998733447424699	84	116
0.998859991685487	54	68
0.998904692027768	24	133
0.998970006961953	25	84
0.999200146990574	14	137
0.99934710884629	12	120
0.999373556576578	14	154
0.999707460069502	29	68
0.999719931358053	29	54
0.999945504452773	25	116
0.999999999793388	20	30
0.999999999963124	4	21
0.999999999988246	47	150
