248.749137605555	85.5545260296583	359.925122711343
321.248751421889	84.2751430584554	0.00270910542815272
20.1863144668076	83.2198131460383	0.0336511219169893
71.2249917165196	82.3067770396516	0.0392033364459223
116.776442967046	81.4943939669697	0.000756817521505582
158.395429254401	80.7531572265806	0.0536398974903989
196.935534724328	80.0658723030644	0.0188493766455906
233.021047071353	79.4264242669912	0.0216976497581243
267.02438070935	78.8128040781502	359.982627480562
299.33011486346	78.2417812525626	0.0577286958563548
330.137206916237	77.696334851382	0.109636827337823
359.581050472782	77.1619957173314	0.000595519246815002
27.9510275344371	76.6619028130709	359.98196523042
55.2915593732998	76.1760437108968	359.964418947259
81.7285956104467	75.6975532166044	0.00660558662755761
107.29175513656	75.2425083237929	359.989842695458
132.163081517375	74.8027489262869	0.0240475622050838
156.317843363596	74.3730550880764	0.0110378051867599
179.839107645694	73.9501091914432	0.00746760324230422
202.782826599178	73.5411684976272	359.992638619395
225.181893433028	73.1449929486505	0.0319193581001684
247.055669475458	72.7599996605787	359.981409258358
268.482546999444	72.3747240102082	0.00541708333958013
289.501385387133	72.0010847114228	359.97196693444
310.06762044035	71.6286318183114	0.0347241579590616
330.239721629019	71.2690638364849	0.0331839666155247
350.07142193461	70.9214634645914	0.00685320450762106
9.53036822204196	70.568125050472	359.980313864963
28.6362750616933	70.2347656814054	359.963367801457
47.4697885686304	69.8870973320736	359.998475167618
66.0070051513343	69.5710245479658	359.997207556586
84.2303006524714	69.2383430175424	359.975561333474
102.274864019279	68.9149712715646	0.126350326456674
119.970193869827	68.6040272548317	0.0163842371925114
137.434592625917	68.285772263386	0.0105171763362932
154.684444869391	67.9803312763123	0.0374592394759645
171.668507192461	67.6839036465696	0.0593582464539395
188.477015020083	67.3861675766761	359.971157721682
205.057624853678	67.0838022400496	0.00730822471408032
221.446974084135	66.7891521300658	359.94417686796
237.632122995951	66.502393061439	359.997042598812
253.638052268347	66.2142584921962	0.060459047216284
269.482522521857	65.9313871457571	0.0419048928028189
285.137886397775	65.6579462055383	359.959451817287
300.632528357304	65.3846654625436	0.00471787326694084
315.948034978898	65.0999791099291	0.0417566545858676
331.137509970538	64.8329037388742	0.00284919434830044
346.180488657962	64.5644368050826	0.0184855309728675
1.0532122089129	64.3030694576541	0.065010597157567
15.7602880659321	64.0386058205175	0.049799331682209
30.3763046751835	63.7832729402556	359.998633493732
44.8384265349479	63.5220116019169	0.00391339409924285
59.1566196858237	63.2711358810214	359.990104991208
73.3746702197543	63.0099715781883	359.974777061047
87.4748827300784	62.7566899204373	359.954116955695
101.439351177697	62.5135552072048	359.920576669683
115.28009953674	62.270328184267	0.00842588466545635
129.017877180959	62.0253804347906	359.96907061492
142.64693546812	61.7807063241511	0.0440210581551526
156.192001210951	61.5384143292616	0.0526297037644383
169.589177423299	61.2933138850899	0.0262266782211782
182.925224009947	61.0565403756527	0.051766133090041
196.149169851598	60.8237352515228	0.0584432273161042
209.237854576259	60.6039815212763	359.921863050574
222.266456980112	60.3612042408037	359.989477724478
235.215706112006	60.1308296981863	0.0117924508012095
248.049029010027	59.9011310404892	359.983195605188
260.817747110184	59.6720424608871	0.00085066967739067
273.465998939095	59.4445730068277	359.972810594078
286.06745792317	59.2164535040916	359.985404512914
298.552338030795	58.9990597378186	359.977783567348
310.986867506453	58.7746283167439	359.948704411087
323.324090471018	58.5545662894805	0.010791699224086
335.594116462074	58.3381079706422	0.00781805090207399
347.80219607013	58.1182971364789	0.0391286547749132
359.906090487829	57.9077167152585	0.0142022823789034
11.9423199371608	57.6867899039645	359.901245997114
23.945461669247	57.4782904070075	0.0112514113671693
35.8353619176051	57.2649999774927	0.0206823341816289
47.6735514198959	57.0505925434116	359.981643168349
59.4571801145125	56.8467926354498	359.988489931453
71.1466297647104	56.6278340202092	359.975099397782
82.7885532803803	56.4208796573602	359.990510189573
94.3724164360406	56.2183366654041	0.00680515513320756
105.905175947154	56.0161726392739	0.065958918675733
117.349030731721	55.8103883015735	0.00467264554177405
128.719772361269	55.6098225307737	359.965171835566
140.061240757285	55.4028220737726	359.91050170455
151.343291747833	55.1992557494166	359.975018312006
162.572741258628	55.0045999624042	359.97790051716
173.744967222614	54.8016958031065	0.0159904427868582
184.839755619975	54.6061592732142	0.0533738071715675
195.904356892224	54.4065322367949	359.980056405941
206.89170059251	54.2187701471997	0.00986010962407136
217.862350452252	54.0098739880893	0.0367299240988643
228.741458926113	53.8178253444727	359.988729327206
239.61042621123	53.6252608696158	359.999787954201
250.40371268328	53.4419111911877	359.975392703148
261.172255050543	53.2375253838441	359.992572040842
271.856458156258	53.0553174140474	0.00622141225724704
282.52636458005	52.8629339170174	0.0365031159054183
293.122284373091	52.671780663164	359.988978824502
303.695974171202	52.4729129815438	0.13727545836079
314.22048760041	52.3001270148789	359.956850970239
324.700485654353	52.1145716112748	0.0135930027917652
335.120462243294	51.9161166863978	359.940666455782
345.517027546771	51.7439489474437	359.987547870471
355.860120283231	51.5645503249488	0.055182234444203
6.17819854377728	51.3669752217847	359.984479787099
16.4208582147734	51.1962040686761	359.965571062386
26.6711330393192	51.0149473772922	359.883011159835
36.8252969125183	50.8239729385976	359.939564053821
46.9650710705971	50.6410634904999	359.954233902547
57.0714178073081	50.465782163235	359.959563164462
67.1378352814261	50.2808719355538	0.0132268030487239
77.1765282159883	50.1058407610169	359.998207800415
87.1577231947724	49.9252667402191	0.0167070105609355
97.1182490994972	49.7461776186488	359.991661031342
107.038929763558	49.5776146149631	359.979654918458
NaN	NaN	NaN
126.764632094785	49.2201878016431	359.983800945725
136.577593919637	49.0441291755714	359.943907063684
146.359127305091	48.8807472614201	359.974448806358
156.079174650312	48.7025504119914	359.970961848451
165.808069063432	48.5261218911264	359.974659745717
175.472317043342	48.3494892736866	359.979733465732
185.135604926731	48.1795399882124	0.0185651899284665
194.723154311832	48.0050000953126	359.998759807666
204.311132948095	47.8339281900457	359.996737735359
213.860003549906	47.6721341531517	359.975816696912
223.364153295098	47.4954467153221	359.919476633179
232.845444026675	47.3336712813757	359.914140438386
242.330466072279	47.1645953295599	359.985904232868
251.75413082118	46.9899900478285	0.0330355715589405
261.161600636261	46.8239416713012	0.020427286808598
270.503797217607	46.6649770441914	359.984297937697
279.861872990038	46.4958937753999	0.00202469713948972
289.16191715356	46.3257700946697	359.975165269046
298.45637757131	46.1642144132262	0.0163640351740355
307.714229021777	46.0031766030194	0.0574926544758512
316.933817906052	45.8298270637643	0.00443243531029225
326.125777000177	45.6661166756462	359.954197942195
335.305270134596	45.4989162692041	0.0412173929040875
344.44384470483	45.3436620068304	0.0407017477800764
353.561648013748	45.1806746001493	0.0355035792805154
2.64182944032062	45.0212890321048	0.0660011827428377
11.7369282382613	44.8583711302768	0.0368846197517883
20.767424394942	44.6844362709219	0.0174758500175756
29.8003625906653	44.5357346052501	0.0139156358794423
38.7790352322739	44.3653612460272	359.963283856311
47.7565720226592	44.2077126784292	0.0190917823499319
56.6697083023176	44.0375082138271	0.215475087349233
65.6146286369114	43.892566508363	0.00533910296314843
74.5197878049817	43.7339094892862	0.0389051558129836
83.3960637839052	43.5780334119425	0.0930614086958599
92.2286155204697	43.4192239179798	359.972945645655
101.060616728506	43.2644624559925	359.922106852963
109.870273390392	43.1013889472008	359.957900865084
118.64052838714	42.9457378369772	359.962821215655
127.406420313536	42.7867666901868	0.012845525672077
136.140818739147	42.6419154296916	0.0259709965997956
144.849283984052	42.4855198935638	0.0400835136032924
153.553850303964	42.3291475628272	359.968118623679
162.238177821488	42.1734207854436	0.0526102423754367
170.876166670149	42.00774223302	0.0208434840874645
179.505592390904	41.8659878474219	359.939346315912
188.118110698494	41.7078414403572	359.983760431734
196.695635042518	41.5624711041827	359.972798982368
205.273481022225	41.4048807616527	359.989913466524
213.801904269276	41.2440603730127	0.0625393158561565
222.344705861945	41.0970036111771	0.0143997851812117
230.854382797578	40.9424454873909	0.0356993600125861
239.350808452689	40.7980661110746	359.978033014689
247.829091378584	40.6558793811066	0.0737067762939034
256.265159246507	40.4904977008945	359.978323693963
264.69599922142	40.3430193385006	359.984378007917
273.10670056662	40.1925385502093	359.981200736448
281.51323704284	40.0433269417615	0.00902391573350769
289.875206832074	39.8991684361835	0.0032536055219623
298.250495682595	39.7374777006218	0.00968117378050692
306.587929085612	39.5902190459784	0.0228246260185756
314.911139326171	39.4481754395353	0.0241510429633536
323.215700798338	39.303054165113	0.0246537445233059
331.509946877681	39.1481002121242	359.949048608613
339.761025522316	39.0034650041991	359.921400623835
348.013599958491	38.862168349974	359.983839389886
356.260376097531	38.7148175850498	0.0206947909031783
4.4824428392015	38.5604154339854	0.0454176949238843
12.6740006804968	38.414038933882	0.0455955782295234
20.8557957220863	38.2752732085709	359.946274160911
29.0345958951467	38.1264289390726	359.982766688055
37.1903010383598	37.9879368494685	0.00227071623223196
45.3195710802077	37.842609730954	359.974696554272
53.4466641184655	37.6852953528008	0.0159631932868081
61.538531658054	37.5385319564312	0.0228012500202794
69.6407884724971	37.4022525665833	0.0326245604157975
77.7053870145679	37.2555584740805	0.0299782498689183
85.7656664866458	37.1159762674432	359.963959233113
93.8100105001541	36.9675107230498	0.036413035326575
101.83108905788	36.8205467495433	359.996570993141
109.85949022371	36.6905197511263	0.0610003660104042
117.867335860546	36.5358536398491	0.0826972819379534
125.829435136131	36.3990080980954	0.0400723109793262
133.783897175865	36.2628203498454	0.0493455338399826
141.741000576746	36.1178217450887	359.971011700643
149.685905144515	35.9768169569388	0.00928879829453422
157.599483342541	35.836258015866	0.0469142151261508
165.530436872305	35.6863581646449	359.994912814742
173.414421209188	35.5580003467633	0.013048513450741
181.31312384338	35.4078776073934	359.999506516238
189.173111371241	35.2692478844076	359.993092677217
197.043011709691	35.1309614550907	0.0256829708424959
204.874512201846	34.9865113259551	359.971530766514
212.705066668374	34.8540006878268	0.0173120676626581
220.519886754022	34.7083090629174	0.0204784349318174
228.322239988921	34.5737077480145	359.986357254185
236.102714111804	34.4306241614605	359.992030715771
243.891256604879	34.3007463907757	0.019186858063847
251.660276189265	34.1553685153648	359.940301619333
259.401689722823	34.009840838861	0.024399232563951
267.14502862467	33.877998836771	359.991196436116
274.867177090317	33.7341397961193	359.952334234145
282.578389777794	33.5955467254746	0.0178333280776428
290.288381641419	33.4640127863328	359.996530682822
297.982217732144	33.3343086994524	359.999921362849
305.644584440928	33.1878722465461	0.0183150236037761
313.316730498353	33.053109230141	0.0763324080549239
320.973905031692	32.9177060578615	359.990468741339
328.603024921198	32.7782807551649	0.024136184292928
336.240689443148	32.6489432455065	0.0386381391224973
343.852255036702	32.5106045468385	359.989348962626
351.461511513297	32.3789416313312	0.0129277008509803
359.056692997965	32.2375052084519	359.998049825275
6.64876802716269	32.1024471087519	0.0624264896842988
14.213919788358	31.9756898723708	359.988116055727
21.7840580366098	31.8386100226824	0.0208276974135799
29.3263969324672	31.6983242061484	0.0194266451350131
36.8584163939333	31.563048173126	0.0240215360689149
44.4065215979809	31.4375698411475	359.987203334761
51.9256653427401	31.2969119522664	0.037267991346738
59.4369074605856	31.1616590091231	0.0405647271350063
66.9330195840936	31.0277276229025	0.0586618957566429
74.410019551014	30.8896378790916	0.0172980663264468
81.8872948070417	30.7653372580666	0.0143577172050868
89.3669384114096	30.634208004308	359.959384156583
96.812629540038	30.4946915837738	0.013697078621334
104.246487203791	30.3657421697193	359.968167044965
111.688192103155	30.2277239564571	359.97918027903
119.113848085547	30.1023682658476	359.986392281422
126.531848331966	29.9618648705355	0.0114281644787866
133.929998586587	29.834912206455	359.96414462058
141.329699873546	29.6988174074094	0.0172806837107089
148.714912960116	29.5711432043342	0.0126596994751083
156.086438567287	29.4395012398479	359.981873134955
163.45783760128	29.3012666850393	359.991058481002
170.819042336556	29.1833195389216	359.974980301839
178.165082285377	29.0462108196477	359.940807117405
185.495564286189	28.9170134059661	359.938281835721
192.836857854627	28.7839563113673	0.00770010265193832
200.152390725765	28.6551195139824	359.969855902387
207.470642134456	28.5276894422197	0.00536904610720512
214.771819974346	28.3963932231141	0.00302837051671645
222.065961763739	28.265834318929	0.0202619806546807
229.340814959015	28.1322562824921	0.047129166811601
236.609683875645	28.0105034915228	359.993830436625
243.884538016012	27.877448651903	0.0341216923773402
251.139374745042	27.7429670001625	359.954727849224
258.386911054411	27.6176067320982	0.00265887549298327
265.626237707556	27.4864025175302	0.0205704336694623
272.848555958498	27.3586535809633	359.884268693365
280.107589598384	27.2157223883251	359.870294086995
287.306747282546	27.0994336446328	0.000309983935977698
294.511850866354	26.9664028313921	359.99089600412
301.707191165593	26.8405829673873	0.0271729862033112
308.914105078693	26.7158067680947	359.951762854256
316.076555526473	26.5912424839854	0.022100265435796
323.262478211914	26.4602543993872	0.0146603277030692
330.420879770686	26.329836255855	359.944438912818
337.593840274282	26.2001286147254	359.961069448907
344.726014030364	26.0771286324244	359.997217220456
351.878165125381	25.9452172623098	0.0153556241579338
359.01619074764	25.8180391582245	0.0224183475120014
6.13306975524088	25.6934090542324	359.942814692646
13.256566595568	25.5639228891377	359.971109086831
20.3719902894347	25.4419959769064	0.00668790631559091
27.4826225510884	25.3165995567349	359.964637075046
34.5766896115071	25.1883918526017	359.985944793242
41.6780295393352	25.0675558798874	359.949571926712
48.7568019185784	24.9446028311106	359.942565433717
55.8274698759187	24.8022184675342	359.964336905174
62.8839503498635	24.6773310423779	359.950020234528
69.9601963538739	24.5566031899525	359.984487042863
77.0106253486971	24.4248852403083	359.992556429609
84.0653237371887	24.3057313075623	359.998569334902
91.0949269795819	24.1799129795252	0.0298365193998791
98.1334163059075	24.0535190486533	359.9603097663
105.150358411085	23.9273759218273	0.0159032742433567
112.188666299086	23.8015444283053	359.979849131206
119.187803193073	23.6871025497922	359.977487427039
126.19476562473	23.5562658806751	359.960928779795
NaN	NaN	NaN
140.18821451357	23.30822541187	359.981479487258
147.178847732911	23.1783833773344	359.952472291847
154.158539689989	23.0573931721357	0.012679148829676
161.135452296639	22.9272649178273	359.980610536559
168.103289915104	22.8109989586935	0.0159942399353099
175.06582812394	22.6851452348652	0.0154581409662455
182.008095055365	22.5573701021639	359.997423646545
188.970632301364	22.4321797381863	0.0489116745709168
195.907790313756	22.3121058379445	0.0201599913443715
202.846321796648	22.1843078837739	0.0115253260237864
209.771717751053	22.0667643599251	0.0274535016264394
216.694254440897	21.9375038832287	359.982561475019
223.619916147931	21.8160891526758	0.0138632317579379
230.517275338698	21.6933250893415	0.0616097931367108
237.433435754017	21.5687773323174	0.037538098760308
244.337417528739	21.4430287542123	0.0584871955210531
251.230403034518	21.3209814964286	0.0166987799140372
258.107378257865	21.1990909535632	359.965211380776
264.999211630746	21.0768163887018	359.964916760357
271.867237931955	20.9548216412999	0.112962328166532
278.741969998312	20.830770216195	359.959985653935
285.611723207732	20.708472360184	0.034577331935651
292.475473267817	20.5817753663828	359.985665844732
299.326634332695	20.4686509763382	359.977330762444
306.177555561336	20.3420112199192	0.0590611012331692
313.013059871681	20.2255951759565	0.029509238956706
319.861823853948	20.0987093051009	0.0481074490384401
326.687898556849	19.9697040495211	0.0180065575767117
333.505239081544	19.8440591861822	0.0668258366763155
340.348121245987	19.7296913847338	359.934177477897
347.1614943556	19.6080975195536	0.0232679846108113
353.978024935919	19.489983365008	359.994004518696
0.771700397338435	19.3651207636043	0.0859166836515328
7.59129210821968	19.2524816154743	359.998677905826
14.3779860138423	19.1354996735563	359.988378035911
21.165627435465	19.0062621019442	0.0154207095224592
27.9577643581175	18.8841226452181	0.0251765623528968
34.7412243062878	18.7602058138097	0.0374073973790985
41.5162790371022	18.6364242528932	359.989688199446
48.2950714603355	18.5213668799869	0.0246248778973097
55.0485539585692	18.4074607453164	0.0641144904876967
61.830629387036	18.2850349399036	0.0210513713789453
68.5745704678736	18.1609303436138	359.999950959292
75.331323801513	18.040431252569	359.979391152837
82.0757154424235	17.9205590479805	359.950309755137
88.8352618769033	17.8056154158903	0.0227161901173076
95.5690458772325	17.6792334320323	0.0108425625745099
102.303177074321	17.5662671202299	359.925023905363
109.034401705444	17.4371498697001	0.0401747261817036
115.760341904029	17.3251762392437	359.942142532795
122.480960753076	17.2040796239291	359.98856363817
129.197930707735	17.0773195178408	0.0169868078697846
135.921511055598	16.9541708555223	0.011453103785982
142.626627959071	16.8366727426481	359.994233525828
149.331245846576	16.7203772475163	0.0338662645583838
156.027035637414	16.6028141165859	359.980642201939
162.727941710488	16.473137680449	359.974868284844
169.433097912111	16.3600920641882	0.0672083435972866
176.100408203937	16.2423052334177	359.947343204687
182.793355625943	16.122754755797	359.955271725569
189.47727744351	16.002472584221	0.0343854894804849
196.152164173992	15.8801413876937	359.959120193681
202.818708710716	15.7719976001347	359.991147526444
209.502343376452	15.6438224099561	359.987088724241
216.168147761503	15.5319981393335	359.980800674719
222.813431696418	15.4123033838354	359.927654746794
229.473402537058	15.2913801709835	359.985467625482
236.136197733558	15.1750017300064	359.96963444272
242.777039455288	15.0464751048452	0.0040226304765838
249.425454321286	14.9351977785941	0.0170327014135978
256.060920200117	14.8124418488206	359.950281957606
262.705078598172	14.7043990983306	0.0147064272008492
269.352195552377	14.5801347985523	359.973079923932
275.982802608522	14.4618614540462	359.983836278536
282.599380482128	14.3421930330794	359.97502119238
289.22993259382	14.2265004727894	0.0534224729480854
295.85540015439	14.1104560988266	359.957830658061
302.459641327225	13.9868244856377	359.94824053375
309.080580850962	13.8668613273267	359.985716788003
315.679352440139	13.7562187916783	359.934251167008
322.293322419826	13.6420207083335	0.0149099182023633
328.902738496617	13.5142562414543	0.0223298465468815
335.496943413568	13.4081384274116	359.932942844189
342.094464827088	13.2820088173326	0.0586122336963797
348.693512590107	13.1666553113854	359.996307171039
355.282921870622	13.0459052790108	0.0235283124494572
1.87034516491212	12.9223095037906	0.07209439778822
8.46096457749266	12.8168135048416	0.00327014501803546
15.0413136791461	12.6916118934992	359.989530420365
21.6265755350671	12.5730276202633	359.978654810916
28.2008033717663	12.4604161820702	0.0401229199114539
34.7695111108511	12.3496516917798	359.993094646015
41.3439608215473	12.2316614394738	359.989969029951
47.9028910423219	12.1037139695163	0.028968755668842
54.4713753039393	11.9933501297142	0.0395851349994132
61.0270203464837	11.8769560575107	0.0244025221827542
67.5896334975292	11.7529418612924	359.930468069588
74.1366355504711	11.6378994406546	0.0376468542509656
80.6969003033801	11.531743716974	0.00412694089396837
87.2467574438659	11.4149980728079	0.132746724841667
93.7934072465782	11.2964562227719	359.98571830315
100.345646775929	11.1721528135051	0.0202360014735348
106.881620110055	11.0547151651977	359.969682721215
113.426058316946	10.9402903904388	359.947925963979
119.960708933671	10.8244208096198	359.977051150885
126.495265521149	10.7079782717137	0.0242650563486961
133.028483718991	10.5895199024391	359.959705176021
139.566220665523	10.4685236614526	359.996124311279
146.082648952834	10.3632994532429	0.0573071623163628
152.616728129331	10.2369476347103	359.999612771176
159.136791125918	10.1269844184939	0.0347408658143422
165.652277808483	10.0130103304877	359.932162548395
172.184312338247	9.88961674073968	0.0434761111257842
178.685879199212	9.78437744239032	359.982641721632
185.200661372534	9.66314049693082	359.955713819663
191.711445244239	9.54867371063416	359.927588825593
198.20834364572	9.43517349131022	0.0282096405717311
204.72815378379	9.31995202720135	0.0318928651115016
211.224699809819	9.20426500141535	0.04402318323028
217.729813636313	9.07459761321718	0.0191508319014417
224.233304018661	8.96678464486845	359.99524830193
230.725366435487	8.85361542880977	359.96006476461
237.228560354996	8.73204424691882	359.959064623394
243.718536140028	8.61557608105264	359.968492296303
250.216298513029	8.5032583438137	359.961835648348
256.69945958848	8.38334188575662	359.969754960177
263.193291288075	8.27915747103455	0.0984431032958639
269.671775751514	8.15176256619822	0.0405215438691471
276.163463287712	8.03993783489328	359.955818204943
282.636291433371	7.92328175397522	359.935937709387
289.129136171903	7.80892176711532	0.0252682958727917
295.607972460364	7.68666827862764	0.0232444821668878
302.078833846907	7.58178992023728	0.0308215479661271
308.564149977237	7.45953912563969	0.0297254449322963
315.033081583347	7.34349506883657	359.987712332719
321.501767607875	7.23121360328899	0.0437991687268493
327.975689797332	7.11505204912287	0.0394785224961538
334.435574670206	7.00322343547178	359.94676366472
340.905443259229	6.88135461672513	359.961649222966
347.374912496823	6.76621701446354	359.935926861486
353.836743577765	6.66363505337044	359.964401348114
0.304782760934799	6.54781017733298	359.900099175063
NaN	NaN	NaN
13.2193553671346	6.30513670152385	359.999527997814
19.6726989201929	6.19588789248476	359.955567374836
26.1340405903821	6.08123436586958	359.946351759018
32.5911586925633	5.96189114212257	359.998555616326
39.0369754324996	5.85039997484178	359.960068625576
45.4948165704215	5.73697310947931	0.00922761134594907
51.9505150612391	5.61833655632394	359.982571105927
58.3913097142971	5.5026551587971	3.82934387630485e-05
64.8473696363759	5.38664252080157	359.974267354647
71.298354683043	5.27490258159978	359.973855171605
77.7309962395602	5.1569906968077	359.990612399484
84.1837209828389	5.04661779454609	0.0343209523865085
90.6312206391838	4.92922058909805	0.0354211061185481
97.0688091562347	4.81048297627636	0.0620898566623111
103.505119818422	4.69783611628974	359.966462651661
109.952134044285	4.58532124034674	0.0217043376613617
116.389164621881	4.47434815531717	0.03167988527332
122.834859925027	4.35254166581379	359.966345198808
129.274858406861	4.24605184715244	359.952067935338
135.713869238005	4.13060707269111	359.998894162918
142.139081090172	4.0073608418693	0.0602899172050115
148.574317639232	3.89558341451281	359.949541261544
155.016572049269	3.7791210747875	0.0325612823592678
161.445627448918	3.66847360531651	0.0200981881408211
167.872314189875	3.54640206419158	0.0152435709330803
174.303523053418	3.44262522153458	359.984629796787
180.745266061987	3.32304903688085	359.993513531582
187.161279160121	3.20968988322024	0.0382019418480866
193.598773885726	3.0888117855619	0.0239470774219797
200.027304763239	2.97369272553269	0.0316639210643643
206.451481503295	2.86943171629893	0.0202548719858839
212.888682605216	2.75075047021919	359.996589068283
219.315067045307	2.6352009525209	0.000732587029574461
225.736789178574	2.51803667936845	359.959440921414
232.157021488834	2.40457550174716	359.973835935638
238.586492761213	2.29025881812888	0.0280744800021466
245.014874574546	2.17905824403574	0.00913413626608417
251.436133742827	2.06030955965167	0.0382580876120073
257.859974054201	1.94733518457247	359.976387588438
264.287598213311	1.83236391234421	0.0673059344111664
270.711586251153	1.71937530437091	0.0199109688301746
277.124097746083	1.60058909343799	0.0145767449566279
283.542512076329	1.48386445464969	359.977545719737
289.970533400534	1.37423453980632	0.0327676722038746
296.384259909807	1.26064800492178	359.960074217083
302.805891543122	1.14527929739782	0.0462209664209752
309.229569137338	1.0282203352311	0.0373072068703948
315.656845853067	0.920914472971617	0.00273528082342978
322.08093956407	0.795222317515723	359.981836208138
328.48385420563	0.687552081975582	0.0260474000737361
334.918804579046	0.566356549084773	359.90322521441
341.333751945104	0.453704692254036	0.0550556797300032
347.758510433276	0.340654334671726	359.97151122452
354.17324827028	0.231889645657063	359.980525201592
0.59200710748587	0.104964288454326	0.0351217688359498
7.0227289702532	-0.00125638864697919	0.0727940924440986
13.4376854933614	-0.116342236863261	359.947486930842
19.8566660104977	-0.224886336730748	359.972729118681
26.2738543088753	-0.341856075399761	359.977142679792
32.6985238892337	-0.458580339687927	0.0118201815754446
39.1119323564208	-0.577883188027442	359.95840767385
45.5357466464376	-0.688079356472741	359.914038704972
51.9479629118294	-0.805022610904444	0.00287099789198919
58.3733373070137	-0.914740884361464	359.994633500288
64.7970769814811	-1.03204409198246	359.95471909125
71.2154569819354	-1.13891329723364	0.0167773388864134
77.6255750480066	-1.25283997772848	0.14163209525816
84.0602909438228	-1.37035280968104	359.929309737713
90.4725412025957	-1.49182618771076	359.970915576299
96.907783578073	-1.59793537406671	0.0138531941926487
103.316778576468	-1.71940351693031	0.0326743009297559
109.738606474619	-1.83493083523857	359.990650793077
116.165011378526	-1.95126131209584	0.0064385339497619
122.593656335555	-2.05787909163999	0.000610452962803265
129.009351155974	-2.17277274405075	359.996916235944
135.442909321634	-2.29037930099034	359.946168189442
141.866861757357	-2.40032067010389	359.983063702741
148.288297703872	-2.52009329675259	0.0561767114755582
NaN	NaN	NaN
161.139193871758	-2.74775775724666	359.976364102543
167.57083288418	-2.86315335662752	0.00853118676837994
174.00148664382	-2.98298138187249	0.0263191282731725
180.422471495578	-3.09967817218927	0.0610068776785226
NaN	NaN	NaN
193.292245642655	-3.32686262736128	0.00377815716061036
199.72405136616	-3.4322184022711	0.00976087241662071
206.146191638146	-3.55047610791294	359.990526797026
212.577696571989	-3.66759129797248	0.012972690803025
219.014663447259	-3.78693131932813	359.993498506246
225.456429244121	-3.89266679696492	359.987751766431
231.888068852758	-4.01718392219897	0.00175108712511474
238.319275773292	-4.12310382499038	0.00303239316716031
244.756383933114	-4.24320917890034	359.963154256499
251.200203586324	-4.34894444413307	0.0122243775202264
257.634840987236	-4.46456100579344	359.98003982779
264.072767474485	-4.58900685826936	359.997814260107
270.518051279336	-4.69946150773031	0.0458612088752943
276.951021043751	-4.81077725159527	359.917994414385
283.399359423841	-4.93373797550397	359.973926335243
289.839823649347	-5.04246708351569	359.986912678474
296.292345910556	-5.1586512533549	359.980854149169
302.730640050893	-5.27477075039944	359.958812693533
309.181008875338	-5.39406282504797	0.0492393603132939
315.628990014818	-5.49867760739866	359.936974905149
322.077128042518	-5.61521186116585	359.996714933098
328.530303228148	-5.73583065675882	359.986315802554
334.980793901125	-5.85068660290939	359.958411746223
341.438694507679	-5.95772713486232	359.999477362659
347.899203011815	-6.07177771104128	0.0198530937598491
354.354586384824	-6.19483905208057	359.955750030589
0.800032676966978	-6.30504230140001	359.905445352936
7.26485970154576	-6.42177771236207	359.944113201555
13.7284056193674	-6.53511263446671	359.967120233741
20.1899753400464	-6.66027232626786	0.0126084620297036
26.6557395296456	-6.77044912700076	359.94848061744
33.117165459929	-6.87967344239445	0.0205605792602057
39.5847844522088	-6.9904034315316	0.0685186615504279
46.0538920800859	-7.11940260281276	359.980181009429
52.5284328752024	-7.23201300463835	359.943427740688
58.9888996419387	-7.34927248865441	359.939482629917
65.4705145469151	-7.4575379736756	0.00831901590265716
71.9502954477094	-7.57825520148747	359.944542627547
78.4222234612523	-7.69097252052329	0.0357458579685783
84.9110001158551	-7.81192466233892	359.974973214814
91.3884899741636	-7.92946913792572	359.982062280922
97.8581638910185	-8.03843245910338	0.0159590567219823
104.350923238697	-8.16048894440802	0.0162926983640546
110.839630904794	-8.27515784962478	0.0213211813969849
117.324759046478	-8.39120968658577	0.0816149668054607
123.815672527329	-8.49479345238814	0.0109051858516693
130.306753563094	-8.61497192760271	359.9801964856
136.79816841809	-8.73580975450082	359.983730093233
143.295862834545	-8.85024702390608	0.0467591706261601
149.784607667249	-8.96666525961699	359.95942655644
156.302868211471	-9.08459331580055	0.078149998369895
162.793276485435	-9.20112397826257	0.00633994173372798
169.293498764447	-9.30758207682052	0.00431814186276824
175.814724247882	-9.43175605616435	359.982069497296
182.315809517015	-9.54777452111851	0.0173626400172111
188.833649636084	-9.66913991720112	359.977488796776
195.345868217101	-9.77980858214559	0.0433933293007271
201.855886031706	-9.89933952777203	0.0167035350683591
208.381788552325	-10.0100698291696	0.0413737888183618
214.896965246969	-10.1194660635377	359.974833274593
221.412844453762	-10.2457831738892	0.0294343609635916
227.940896761019	-10.3627772162868	359.972096511158
234.471245990652	-10.4761163162469	359.970851689218
240.998163360931	-10.589097421867	0.038109957421284
247.525878249773	-10.7082731218693	359.977441865942
254.058847806846	-10.8290633754898	359.967271958164
260.597103721156	-10.9432067997575	0.00306031004024021
267.134754333472	-11.0657088295143	0.0174103321787982
273.677614972169	-11.1762643882213	0.00954190032243218
280.22675741073	-11.2921498352431	359.967760008568
286.773123059453	-11.4116963749576	0.036387476559554
293.318845745464	-11.5246384443591	0.0654442637192005
299.877763892707	-11.6443955319173	359.996649299118
306.430971764656	-11.7634849794651	0.0125930607734404
312.997187402277	-11.8804445509881	0.0144250401551744
319.561365550431	-11.9905510293447	0.00541585433845171
326.113691872896	-12.1034212326421	0.0115923208255424
332.683518702409	-12.2339246005049	0.012606577563588
339.264063962421	-12.3430781141655	0.0486496126821123
345.827276934583	-12.4654776627881	359.98407086978
352.403709293132	-12.5816122248946	359.981442258523
358.996310855701	-12.6968196395672	359.962414022517
5.5647053395812	-12.8177520270107	0.00831872903324893
12.1483567901946	-12.92669111587	359.988286650833
18.7468907202607	-13.0493514687821	359.989954214692
25.3306122989839	-13.1690839840364	359.952018260665
31.9219460578954	-13.2790330538687	0.000920023027958905
38.5218931160426	-13.4010099242721	0.056423542565625
45.122018922317	-13.5250138675515	0.00687200760691553
51.7351813391078	-13.6390865612463	0.0558552847135729
58.3311074283563	-13.7467778863959	359.987279396702
64.9514302504772	-13.8700501200596	0.0293236675305764
71.5575031978141	-13.9817940991224	0.0331877767400499
78.1846309520828	-14.1098528441822	359.955876990851
84.8022479572131	-14.2229544929027	359.97074264448
91.4285954612639	-14.341989214617	0.00847918328096853
98.0467794914521	-14.4644853796151	0.0131156414560394
104.68676899636	-14.5811434928477	0.034841675160834
111.317290784307	-14.6988162252723	0.0135441931755054
117.957840122676	-14.8089017188197	359.981272905602
124.60643900157	-14.9355627964175	0.0193589787358519
131.248023215468	-15.0575726869325	0.0304552567342
137.90063350222	-15.1681243557363	0.00616046551155591
144.549723765702	-15.296131818045	359.8929820777
151.212266727752	-15.4091562391735	0.0711243465760845
157.877179478453	-15.5352839336363	359.999768702758
164.527135682131	-15.6517574568728	0.0153403304360893
171.200888210459	-15.7667214126352	359.996228759371
177.86696562205	-15.8936209345582	359.97089815616
184.553032517631	-16.0054625050851	0.00680205617967999
191.230257199296	-16.1234733243061	0.0390626471635187
197.915136513102	-16.2462503874811	359.968208843311
204.606557703662	-16.3612521837012	0.0349221395850634
211.29256033777	-16.4810374851236	0.0369051650002916
217.994881900047	-16.604967630011	359.974129315587
224.697852587529	-16.7267026566395	0.0303674721914149
231.395741388319	-16.8466639725641	0.0178105183381945
238.114069664015	-16.9588549287148	0.0380395439099743
244.820942187558	-17.0832670433192	0.0560236217004046
251.545928405109	-17.194624505871	359.949731678265
258.268336795699	-17.3205367191859	0.0152869495460948
264.98885380509	-17.4360981570093	359.990802072371
271.721722813378	-17.5600383748852	359.981976920754
278.455038955962	-17.6836836291765	0.0053192350809752
285.195246002649	-17.7972297747502	359.970817781561
291.947680386042	-17.925866103149	0.010507118114333
298.687891854439	-18.0410346587829	359.976409198421
305.446926226716	-18.1547335584523	359.967965337292
312.206578715096	-18.2804868315337	0.0131365793419889
318.971851286393	-18.3997858810249	0.0105197340129166
325.734160429142	-18.5242371444788	0.0395772671482177
332.516863454269	-18.64086696903	0.0109565780970513
339.290827219723	-18.7638713170737	359.978775581165
346.06165175515	-18.8791197882209	0.0649489419791962
352.863193316344	-19.0097622999682	0.0367707156602535
359.64174110127	-19.1260292925497	0.0437625199319314
6.45243470347913	-19.2425013731059	359.981194532679
13.2477805940522	-19.3694452931712	359.995571968219
20.0543560247037	-19.4898104929396	359.971760926559
26.8736352437935	-19.6120900756453	359.991972611213
33.6887128095784	-19.7386767329475	359.972150482331
40.5041332142105	-19.8560813439295	0.0109420042263935
47.3323002661853	-19.9785628620965	359.944085802071
54.1740976589053	-20.1061781594593	359.999216023059
61.0073599089397	-20.2205178416294	0.00161883084194869
67.8516264805074	-20.3420981790784	359.95761411616
74.7012649616098	-20.4682567347266	359.951279439419
81.5556091000343	-20.5871345711299	359.961044097901
88.4153839567401	-20.7172951304546	359.962165698396
95.2819366754198	-20.8278769119622	0.0403254064929683
102.15551259094	-20.9635540219378	0.0247247971695685
109.025503614931	-21.0801920362686	0.0178507158647108
115.914921452289	-21.2055595183978	0.0762635013985005
122.803653698462	-21.3287903592492	359.986501805055
129.697432747853	-21.4504091619677	0.0128550968691457
136.603509848648	-21.5764969148232	0.00389172373328961
143.508390004586	-21.6963421781352	0.033924143328619
150.414604736821	-21.8176384815669	359.983584203237
157.339276286287	-21.93918189448	359.976561901476
164.259713887073	-22.0616765977632	0.00132974150702125
171.189163097349	-22.1898120973645	0.0296694528161936
178.113961225898	-22.3018704295046	0.0521421646224383
185.076213653637	-22.4318980692441	359.953473862741
192.018054114267	-22.5625179158692	359.999493891196
198.97338136008	-22.6848076037804	0.000832173813279269
205.940295919968	-22.8044342477047	359.946366475986
212.892973241122	-22.9345859545825	0.0177284235644208
219.861293365241	-23.0593037274045	0.0180903068267071
226.841796457831	-23.1765654449123	0.00676539228993533
233.835200093277	-23.2956983138425	0.0157832331710495
240.838283748096	-23.4351903734406	359.994422496825
247.831459003898	-23.550264291954	359.962484585635
254.831569570914	-23.6797502524547	0.0539369177807316
261.854688442361	-23.7979871347925	0.0256077847529355
268.863880289153	-23.9245039178345	0.0280219743313523
275.885356448881	-24.0542395701448	0.0450948487994083
282.93448328954	-24.1830291556261	359.983831219942
289.961061117532	-24.3090047811548	359.965776156529
297.025426111949	-24.4382616078525	0.0433495451833892
304.072373569974	-24.5583003077852	359.981321190182
311.143279097292	-24.6944470767921	359.934022751162
318.195181114675	-24.8072832594741	359.983417312885
325.267534062044	-24.9398946644658	0.0581830808120571
332.362321788747	-25.059610901086	359.970482882033
339.447643435045	-25.1833170999214	359.97601591031
346.542776299405	-25.3203166850867	359.990197549322
353.662071119838	-25.4453800005945	0.0474231563609919
0.756881094079091	-25.5735952975096	0.0391911895152646
7.87897780324738	-25.6923659587531	0.0351593484843988
15.0246204702143	-25.8147576643212	359.977943663781
22.1519113948537	-25.944911078239	0.0290660547520645
29.2959487152655	-26.0749958070764	0.00963725821699768
36.4446018354314	-26.2000858885994	0.00956823873266899
43.6070050626237	-26.3364447467168	359.996074157913
50.7579408055574	-26.4566124243959	0.0538199290346029
57.9500214159505	-26.5902126833475	0.0343351829251617
65.1352156529582	-26.7156283624535	0.00210229626065939
72.325170016498	-26.8460768709682	0.0357480794292826
79.5181276638472	-26.9722606832082	0.0265885261519259
86.7332584775164	-27.0977527156774	0.00767905095247556
93.9418169117951	-27.2263807432436	359.962244093369
101.149867703585	-27.3497757927811	0.0894381236007007
108.399052585233	-27.4943512460477	359.928961979965
115.635382373334	-27.6111627245133	359.981895837831
122.890020848809	-27.7471709774251	359.965067196683
130.140477823506	-27.8694729922509	0.037491761406784
137.418802504194	-28.0051547676966	359.950924764973
144.68900015917	-28.1294244537324	0.00712499686292745
151.965173268552	-28.261516429857	359.993508595989
159.270487265835	-28.3918895486649	0.00856125627893789
166.562791487593	-28.5243495028155	0.00331104161213602
173.876667742847	-28.6526188197028	0.0168972998798154
181.195039753487	-28.786671019107	0.0428795883627231
188.53188814158	-28.9116263053375	359.983847553287
195.851643713808	-29.0510373764698	359.937786388974
203.215149495315	-29.1790359900423	359.969015248938
210.564082833413	-29.3061940647009	359.983080543234
217.930506882586	-29.4367017842829	359.973185712412
225.307211589477	-29.570150291469	0.0134448280667527
232.704928214444	-29.7009528071475	0.0199126660652382
240.085908233091	-29.8329393964526	0.013786397967948
247.498579675942	-29.9615274700171	359.94902798236
254.923425920981	-30.1034726731629	359.9884650166
262.343635186794	-30.2298535466189	359.995990893004
269.77888484841	-30.3736795352118	359.939788752833
277.223078670062	-30.5032544809185	359.95147616217
284.676252389085	-30.6357396316933	359.971531508037
292.137936738483	-30.759475419887	0.0361195072459282
299.625511460656	-30.8906341393825	359.895402521942
307.103341899224	-31.0238465707917	0.0093733198522159
314.599983063216	-31.1566832224201	0.0191129409990936
322.110589929399	-31.301461282552	359.960777738184
329.627177713122	-31.4331218225264	359.967532052778
337.163981541881	-31.565371085921	359.980870483736
344.703115878434	-31.7028066316601	359.98821725698
352.238467806791	-31.8413725341806	359.998492674829
359.81053362048	-31.9624857750386	0.00729408966265055
NaN	NaN	NaN
14.9715095933428	-32.2339581985449	359.984444918605
22.5590208296416	-32.371720718675	359.995720032456
30.1752718243652	-32.5125933148749	0.0143640610966429
37.7930379163866	-32.6504520930536	359.981427224136
45.4257903182857	-32.7796101905582	0.0126260523757367
53.0609005723421	-32.9218785640344	0.0293438604492451
60.7235584725208	-33.0633617940086	0.226214909854576
68.3764808602028	-33.1923532666493	359.957507108385
76.0459804146986	-33.3222093669724	359.983287572472
83.747597370138	-33.4669536205751	0.00733979120457207
91.4401054856347	-33.6076640073916	359.99972145305
99.1572361491629	-33.7452837054932	359.97015397994
106.878225466025	-33.8723465205236	0.0321365361442929
114.612969063102	-34.0228405394426	359.974650509476
122.380274773829	-34.1578720356662	359.994139840839
130.140879835347	-34.2940551106293	0.0490505880644037
137.918775895208	-34.4363981822826	359.944751356983
145.703858681158	-34.5756290295345	0.00472914941616409
153.506945036786	-34.7076600135329	0.00429974878159101
161.321201658297	-34.846451201469	0.0355328325007918
169.14717060683	-34.9944166470227	0.0188713941181788
177.00102794682	-35.1270766404648	0.0238561735376379
184.847471025561	-35.2709866785069	0.034883301287465
192.710047929763	-35.4124956722338	359.952031317611
200.617157036855	-35.5489576275075	0.0348720804423976
208.500515122573	-35.6968309379699	359.993660715614
216.408341642031	-35.8274168951428	359.994637050754
224.341587700808	-35.9769268736413	359.984208243024
232.268395104274	-36.1133976305522	0.0301257190336628
240.244793013028	-36.2549710864008	0.0316087065613715
248.204766854267	-36.4004848907072	359.969722242028
256.184315210086	-36.5393034021973	0.0170984075311367
264.172531884217	-36.6828824779684	0.00534493781970014
272.196421675161	-36.8277204375712	359.90274520543
280.212589540589	-36.9714779232225	0.0544117842613048
288.268083991118	-37.1117496302059	359.966652047674
296.31300255922	-37.2577918519954	0.033708449556741
304.393170941573	-37.4062517596359	0.00903170785824159
312.476885996897	-37.5420737031897	0.0126135282645805
320.586508576163	-37.6893160048272	359.998178119689
328.709477980785	-37.838791977643	359.962096810726
336.846617278399	-37.9825666178849	0.0262980333422433
345.001632531778	-38.1231436381794	0.0260742741549223
353.166445026018	-38.2800197779045	0.012188470152438
1.34657433611484	-38.4155525814369	0.00255954359477073
9.55728099350409	-38.561605443782	0.0116863841763575
17.7580506484524	-38.707556483151	359.94916985694
26.0121855150919	-38.8577012330333	0.0167854311442284
34.2635636668612	-38.9978511839026	0.0343056589285311
42.530094471724	-39.1531457105178	0.0310173643343035
50.818181135703	-39.2918524252708	0.037112402172454
59.1276291609265	-39.4479764513024	359.992092125512
67.4347172436136	-39.5969924869379	0.024309927666792
75.7911534820871	-39.7495051485241	0.010576927874439
84.134875392361	-39.8861105452883	0.0131245122279324
92.508572097595	-40.0470746176283	0.0648954471270713
100.913403408243	-40.1927451010755	359.996338002431
109.314588318647	-40.3473996084412	0.0519871204560332
117.765532705673	-40.4943148496862	359.978735635084
126.200136418331	-40.6470974774524	359.982414619731
134.672180900087	-40.7989160685587	359.999673672661
143.164432089352	-40.9451930903249	359.974995578304
151.685738333518	-41.0994119939411	0.00185040943034664
160.205725198751	-41.251891207297	359.984850096376
168.745184193051	-41.4082771978882	0.00480255526858286
177.328698110915	-41.5581787261401	359.960689754846
185.908488961902	-41.7107468035535	0.0310055106185985
194.528678080863	-41.8616608537972	359.973546461935
203.152866670454	-42.0117184785142	0.0189029547578627
211.812116903788	-42.1632097833388	0.0378072453514449
220.475008505745	-42.3209177187264	0.0150508851725988
229.174940433336	-42.4845288770818	359.98274403086
237.896104304743	-42.6323146045444	359.933989775494
246.628291076342	-42.7913562070286	359.9751972743
255.37655795101	-42.9519044922989	359.968928348979
264.156711649813	-43.1070004337054	0.0544588389354601
272.973907096105	-43.2605586073748	0.00606024085692525
281.778911152352	-43.4208048158708	0.027308144900843
290.631204123067	-43.5736406250877	0.0173572619429763
299.50988598128	-43.7333764464146	0.00163319915083093
308.42131508728	-43.8853024490515	0.077558062569409
317.317923722561	-44.0551301657347	0.0688332300047705
326.279996184963	-44.210664834709	0.0274611951671773
335.250916216759	-44.3652970745094	0.0305889625408042
344.232793385516	-44.5316659332832	359.948879595599
353.246884391554	-44.6966399045422	359.986688239019
2.29029595727481	-44.8470695639908	0.0118008596819834
11.3729340290038	-45.0228457621546	359.990765414313
20.4655646510701	-45.1792449644622	0.0179627457730192
29.5829829297337	-45.340847775317	0.013217420836952
38.7220087084554	-45.4999140169443	359.92642246949
47.8959532382737	-45.6641153872949	0.0333801714757271
57.1047619236745	-45.8310925250202	359.981147092112
66.3314013308352	-46.0037337979125	0.0199897250737706
75.580199644129	-46.1543228604621	0.0277692966040206
84.869857032422	-46.3275001450757	359.98892713795
94.179662665288	-46.4919594269794	0.0340863029719571
103.505054357196	-46.6659460115494	359.983693962401
112.882693837598	-46.8252022903621	359.982613059794
122.284775578371	-46.9943951558126	359.99235313299
131.714793882268	-47.1615189229347	359.984827214974
141.167537324083	-47.3195800463963	359.88052462489
150.648005383618	-47.499569245571	0.00714798048281295
160.162433564944	-47.6669803972401	0.0106399095414247
169.723047606244	-47.8373258816583	0.0312406678761761
179.288087673901	-48.0102685736156	0.0298506674633643
188.895455332458	-48.1819215763144	359.984729803438
198.533268269026	-48.3586077749682	0.0562538727179458
208.215647703341	-48.5287405747005	0.0123262860291504
217.934459912212	-48.7024133603752	0.00402646329476397
227.691169103207	-48.8668476242026	359.929888245731
237.451129829522	-49.0426594222589	359.955048946721
247.268299209708	-49.2201684070441	359.983760669215
257.119828300217	-49.4032555263747	359.960261112917
266.998810102987	-49.5728723236369	0.0251568569767926
276.90785191236	-49.7408885599089	0.0642799982925055
286.868630974124	-49.9267902380574	359.97749649349
296.848574093646	-50.1144907656799	359.996524148957
306.878022138072	-50.2870969328684	0.00591902318549842
316.964256369685	-50.4625421575406	0.0429807338772434
327.04496241458	-50.6451185160892	359.97498611611
337.199756992643	-50.8336326953516	0.0570756439034028
347.370367610887	-51.0029348211864	0.0121662683735906
357.592288740558	-51.1947943546949	0.0150484269551328
7.86331128854184	-51.3734958418723	0.0246824122779969
18.1582808322175	-51.55862296031	0.0527631863644729
28.5352046598686	-51.7419261534705	359.952778810808
38.9103993040687	-51.9186970675256	359.978786996034
49.334995294562	-52.1126279369475	0.050078258165712
59.8119093560538	-52.2989568268829	359.959814780259
70.3525108400393	-52.4814733574965	0.0581245433969002
80.8883294276284	-52.6704159408034	0.0210853585959114
91.4978766481501	-52.861111509423	0.0273745146714646
102.151473362126	-53.0541844306006	359.93118145048
112.896980150291	-53.2471249263566	359.889770593038
123.640344769697	-53.4378329602562	359.911297618792
134.407062703049	-53.6304023952512	0.0147285179946834
145.260761330351	-53.8177491877958	0.00832783404152337
156.175694979015	-54.0231156416599	359.992241078055
167.126796686167	-54.2118626512607	0.0874740942321068
178.119842217006	-54.4125580623341	0.0341590125627533
189.196568614187	-54.6035631053004	359.976228182077
200.294109859619	-54.7989462650799	0.0413391349844972
211.44865332027	-55.0023124966126	0.00153834567143463
222.673397040388	-55.199519065957	359.988039232285
233.972578332463	-55.3998797921315	359.993178746742
245.295772748123	-55.6033406746883	359.948720615229
256.694916544815	-55.8106073193148	359.996453358394
268.14628258034	-56.0089238935163	359.960288938391
279.661722674824	-56.2141656002615	0.0293821535355505
291.250991291643	-56.4231409595856	359.975019128495
302.879453442876	-56.6403193971926	359.997969094753
314.572736622012	-56.837838133505	0.0440320416781219
326.353406767629	-57.0497947207646	359.941494620951
338.196171054081	-57.2615668409267	0.0455102512891301
350.077649271838	-57.4732392601659	359.975326035524
2.06809012968202	-57.6877556757773	0.0329635845989742
14.1064785045957	-57.9020222290668	0.0556078406734741
26.237117099044	-58.1172723424446	359.946013622933
38.4272128667635	-58.3297514072597	0.0412164016017869
50.7143676091653	-58.5538764246829	0.0522703359154661
63.0267082260342	-58.7768781840499	0.0547523292274832
75.4555300281873	-59.0059119288906	0.00533342228862921
87.9197790199312	-59.2027539370151	0.221860386905234
100.553226243306	-59.4384048456043	359.972278146626
113.224225344887	-59.67561762821	0.00954568189564498
125.961083001315	-59.8975595429712	0.0495563666574412
138.821861666552	-60.1241473248237	0.0361500380251982
151.731144544431	-60.3604942451012	0.102386903593043
164.775675694505	-60.5856010158741	359.952776893903
177.900201174457	-60.8295462554402	0.0133290006249354
191.117053582256	-61.0599317675101	0.0387713203740532
204.446156553821	-61.2964222274362	359.989424344391
217.830775174428	-61.5351433933943	359.973803473875
231.380337263224	-61.7877242842308	0.0920932068228808
245.006568148208	-62.0191035485393	359.935565663408
258.7452817498	-62.2644038314787	359.943504786428
272.58155670769	-62.5097115829972	0.0277347160338479
286.568977078207	-62.7616410951217	359.942568572441
300.662656854457	-63.0096428627979	359.919303127555
314.86628328125	-63.2656111619207	359.962654342839
329.178514369459	-63.5252024975457	0.00136747713767704
343.662304602116	-63.7782357378499	0.0212539420668918
358.256665550202	-64.0401517321674	359.965858675116
12.9661090341106	-64.2992963530681	0.028399534869493
27.8556772206164	-64.5705725128715	0.00869078217039032
42.8979842946804	-64.8343802872423	0.0174015912936056
58.0682678888641	-65.106583197173	359.943619054446
73.3981884694223	-65.3777511953965	359.943638817304
88.8645846631173	-65.6566198359519	0.0447605430936733
104.545193822938	-65.9436404877437	359.979189189772
120.378743743199	-66.2207101478342	359.945857144901
136.383162026032	-66.5084101370462	0.0289498547314793
152.575931700672	-66.7987426929648	359.998009856125
169.002418391957	-67.0750278960184	359.883190407673
185.583632359267	-67.3871922199744	359.943122101236
202.363527105008	-67.6779357591178	359.953243380892
219.394668017528	-67.9842750048275	359.898800772444
236.605301156951	-68.2900857215318	0.0546368888512063
254.076239239858	-68.6033243758832	0.0750109560387955
271.797383590567	-68.9189470881754	0.0120195339304132
289.774849031006	-69.2388046119314	359.974369927482
308.00942722113	-69.5612266299394	359.98648768063
326.53855583276	-69.8934328612139	359.934814521989
345.361958378465	-70.2291351390122	0.0435023739312896
4.4977712215574	-70.5661373296925	0.0305592559345484
23.9857189973428	-70.9166902070995	0.0292919916244898
43.794843702675	-71.2715617583862	359.98360215311
63.9963401624305	-71.6327970580234	359.959901381379
84.516699652636	-71.9952563444291	0.0862644065788913
105.531166133707	-72.3756939991207	359.993870437069
126.972278514721	-72.7534469158258	359.98769615971
148.860233388772	-73.1399525495036	359.993061139003
171.247670526935	-73.5458649081744	0.0230584197663291
194.178341541972	-73.9550525888492	0.030708117475001
217.705341965958	-74.3712489147102	0.0338869780186144
241.8836134706	-74.8061401573023	359.990778871146
266.721767527461	-75.2534267666924	359.997113988805
292.295855497635	-75.7025958510708	359.953215022005
318.732477681572	-76.1704824691215	0.039444183494453
346.080789431724	-76.6608924048266	359.967874347107
14.4414787669887	-77.1647565995046	359.996406762764
43.9404284216458	-77.6838872150055	359.936097430762
74.6982282585016	-78.2456628519769	0.0156658829368723
107.000248881118	-78.8188627388105	0.04712266528702
141.032151330839	-79.422980737244	359.978276121798
177.116621174867	-80.072328906827	359.943498611907
215.605087362409	-80.7479727960204	0.172959691680546
257.272954282629	-81.4924920264706	359.97879468555
302.840049305611	-82.3073158717056	359.94609296547
353.860569343432	-83.2287026938902	359.977634309611
52.7364362978448	-84.2707450717085	359.994872317713
125.196371390851	-85.5615035245963	359.990329977476
230.537360301507	-87.4411908982443	359.860982519277
