0.183607104066494	-0.00717626032582375	-0.0381146559752923	0.982234292632841
0.431908508322108	-0.0215977300593879	0.0450260381434512	-0.900533860765023
0.81848066108152	-0.0485045703587494	0.0338246946169614	-0.571482811748473
0.98432941666763	-0.0661909265504487	0.0109197434577685	-0.163080102796058
0.9701464112837	-0.0721418287142244	-0.017171439899917	0.230903960284116
0.824673757244973	-0.0666485648526243	-0.0453360507005333	0.559835516398722
0.593171108423215	-0.0515292859175399	-0.0695798891311783	0.800407026364272
0.315960194562633	-0.029204164459385	-0.0873903665605227	0.944287665948566
0.0256897933500969	-0.00254555240605707	-0.0974384505112783	0.99490668056986
0.251351556864516	-0.0259818777586892	0.0990798487908689	-0.962460659171841
0.497327849404836	-0.053781568704017	0.0926907239723986	-0.860918685337686
0.700096506946286	-0.0787643471133907	0.0793415670877277	-0.705241784296331
0.851229163084098	-0.0995114504653161	0.059871736974162	-0.511782921025244
0.947633899200133	-0.11485502731669	0.0359317760423008	-0.29581619843626
0.989633206817487	-0.12416494242952	0.00897082969411071	-0.0716149931942427
0.98043608613873	-0.126970022639348	-0.0192949006692549	0.149169035513728
0.92495071777751	-0.123372228848257	-0.0475894613994976	0.35634352245493
0.829436621660116	-0.113803057883757	-0.074369801193979	0.541805211617356
0.701210318735851	-0.0988471772942149	-0.0985828413359817	0.699152878727862
0.547763790368914	-0.0792363679982036	-0.119204941738839	0.824297646370638
0.377354839006715	-0.0558325365747417	-0.135506246176223	0.914398223196587
0.196487997599411	-0.0298338361350943	-0.146881244580438	0.968983131437973
0.013132273692524	-0.00202146601712335	-0.153190473843959	0.988107350335109
0.167514677327971	-0.0264546645677858	0.154171876613343	-0.973380714861267
0.337900427537787	-0.0547321808312651	0.149958573650189	-0.927545209485788
0.494874508569921	-0.081701064513383	0.140735289711364	-0.853591081874054
0.634324877708577	-0.106611723786686	0.126878793276884	-0.755094472028389
0.752563204799256	-0.12881599118062	0.109030173927985	-0.636527677616348
0.84741313810198	-0.147576363355551	0.0876250543902675	-0.502428144309221
0.917599307168989	-0.162728176348949	0.0633334156466983	-0.357099328713538
0.962662234138144	-0.173459787655576	0.0368633511258016	-0.204534149653343
0.982395797618985	-0.179959733336913	0.00910713728800425	-0.0492955499845876
0.977599778342544	-0.18189468709865	-0.0197620367892784	0.104031043885139
0.949239815859798	-0.179312448304773	-0.048024115980196	0.253937988795936
0.899189254640303	-0.172444745500775	-0.0757789299168937	0.39494182846242
0.82948916139403	-0.161317322940849	-0.102220935101099	0.524857440526553
0.742634476521769	-0.146349504529911	-0.126610752794518	0.64112836006676
0.640052365643451	-0.128050187784084	-0.148473710965048	0.742894121524023
0.526228358122977	-0.106640285039815	-0.167601219340746	0.826814003261506
0.402300401153287	-0.0827987702448369	-0.183341198240128	0.893131992432093
0.272858333031901	-0.0567587638757767	-0.195550706196913	0.940258844214844
0.139756731530344	-0.029217953972338	-0.204000683192718	0.968503014148397
0.00477423137213438	-0.00086529348343211	-0.208495533723034	0.978011283370258
0.129101264644142	-0.0276964491520628	0.209003378429422	-0.968959936208272
0.258037173934558	-0.0563143041154494	0.205587857677113	-0.942326455532049
0.380807598558149	-0.0842191581138987	0.198457055847913	-0.899170452845922
0.49633483459862	-0.110803679699806	0.187581542208624	-0.840349594842276
0.601643115098467	-0.135838248174958	0.173244133553175	-0.76782810744123
0.695321438138562	-0.158768557269013	0.155699772591662	-0.683431213585202
0.776742923836442	-0.179167443695661	0.135478481854609	-0.588400406478402
0.845059647256036	-0.196778889605985	0.112753492165297	-0.484188920969356
0.89878693243538	-0.211460026043499	0.0879306579160171	-0.373811325226429
0.937911733415952	-0.222816288773979	0.0614852955173537	-0.25863882193673
0.962205079504995	-0.230901595443145	0.0337889380077597	-0.14037145673143
0.971644605603638	-0.23545017735122	0.00528349626012087	-0.0210252004484699
0.966466790225585	-0.236404572802457	-0.0235128230130616	0.0974780411328608
0.947349539193973	-0.233820666812753	-0.0524548027513004	0.212379942622951
0.914553455089066	-0.227852219081068	-0.0806574964484005	0.324298800970897
0.869429388233697	-0.218458140083224	-0.108184578014676	0.429726281470827
0.81229190808076	-0.205882720911563	-0.13432754955137	0.528914237592536
0.744502282705006	-0.19043697519794	-0.158709481077532	0.619888223908629
0.667289016353372	-0.172057775141188	-0.181238165223992	0.701622561021134
0.581801217017448	-0.151213807217076	-0.201425751511245	0.773349464997593
0.488629870809623	-0.128470002140154	-0.218795560809571	0.834784289785514
0.391071473338918	-0.103510150990723	-0.233892092532917	0.884105898879189
0.288907911505718	-0.0770086027504557	-0.245941558733609	0.922016617778394
0.18372002113173	-0.0494723249365543	-0.254895721538069	0.948065195037934
0.0772646314776959	-0.0209363122591712	-0.260743244054628	0.962083576531411
0.0294019661956868	-0.00790619228526354	0.263379204901749	-0.964211808127602
0.134865068034668	-0.0370602472227197	0.262817591122589	-0.954654317172616
0.237807875326652	-0.0658516373495339	0.259006057120705	-0.933823772810371
0.337586196963634	-0.0941106368600003	0.252142412308821	-0.901999418827155
0.431856682821314	-0.121619824770992	0.242156820433148	-0.860272339461726
0.521064949604177	-0.147781822485609	0.229303999590333	-0.808746886861832
0.603573987501931	-0.172543897055544	0.213678272825888	-0.748510949099644
0.678916048517531	-0.195316371026633	0.195588275272976	-0.680198309943556
0.746668974517051	-0.216012260229886	0.175412080834575	-0.604197606600122
0.804820766469804	-0.234779268678555	0.152593560851283	-0.523313896284483
0.854192001613372	-0.250922281040918	0.128248600461421	-0.436974060713734
0.894325126335368	-0.264448932579101	0.102426469729464	-0.346060903255136
0.924621030247619	-0.275215338205714	0.0751725145889135	-0.252352057828991
0.944990945275331	-0.283240254436707	0.0470889097172906	-0.156683458590571
0.955481963987025	-0.288284046898979	0.0181901751156057	-0.0601302114440618
0.956165783483546	-0.29033694156229	-0.0111008973215109	0.0364448204579087
0.947224732592995	-0.289402943719983	-0.0405985946265858	0.131768722558439
0.928735567058184	-0.285618539736728	-0.0695040555052257	0.225923620960932
0.901189745436822	-0.278939749546189	-0.0979155010484883	0.316957747179412
0.864782250099458	-0.269522834095818	-0.1255996564846	0.404640368852178
0.820638896366228	-0.257245007975491	-0.152492976941755	0.486952461361425
0.76866261174107	-0.242393101228385	-0.177894741368957	0.564585542483647
0.709868559515055	-0.225115685526749	-0.201846349254522	0.636134897356264
0.644928058644112	-0.205576093448134	-0.223927305273391	0.701186730428592
0.573518468265915	-0.184185484770258	-0.243910118031849	0.760039556917634
0.498069419180481	-0.160736898665239	-0.261793707629325	0.810897378051249
0.41822775599051	-0.135672697103951	-0.277549600080849	0.854192415603559
0.334815039798914	-0.109433947582694	-0.290606611464559	0.889646501490343
0.249005324229937	-0.081809079104913	-0.301213545794832	0.916828240681348
0.161389522707016	-0.0534417450162632	-0.309058706318676	0.935724381374476
0.0729725278828343	-0.0242889512195602	-0.314401470335291	0.946169526286939
0.0153137826202072	-0.00515010120989819	0.316804971724121	-0.948353085306453
0.103116268266457	-0.0348410905686072	0.316526985661749	-0.942318311917304
0.189963238478257	-0.0641061013028456	0.313533006858356	-0.928171013021286
0.27334422907368	-0.0935975226033207	0.307744660804094	-0.906540489962368
0.356533496799277	-0.121495332634339	0.299376752337612	-0.876639213113317
0.43444795777806	-0.149175128548596	0.288316905613771	-0.840163742934842
0.509148830613814	-0.175446242182586	0.275071514181177	-0.796443184712299
0.578608157385394	-0.200621746079682	0.259085204614092	-0.746885782403905
0.642817225518822	-0.22430775635443	0.240897349587741	-0.691693943863271
0.702376471686937	-0.246136158778715	0.220990088829451	-0.630275863413331
0.755531672429642	-0.265973289420458	0.199022572653016	-0.564641582639027
0.802859020552096	-0.283831778632042	0.175455022965259	-0.49403689080165
0.842722766711461	-0.299723168749272	0.150205156477304	-0.421215825377804
0.876105702358844	-0.313238441679939	0.12364278248209	-0.345011506023097
0.902581814278932	-0.324296628978809	0.0959656756997602	-0.26639886271045
0.921850090198848	-0.332984964267735	0.0672895465067095	-0.186508824732001
0.934130074670437	-0.339017585197158	0.0381026004505175	-0.104958431591753
0.939176985052519	-0.342528754656781	0.00844769989216147	-0.0234367093992928
0.937117543418951	-0.343438614918736	-0.0213362653794935	0.0583557313276559
0.928045882799182	-0.341678423723371	-0.0511208357167549	0.139188197549288
NaN	NaN	NaN	NaN
0.889472132170598	-0.330644423662646	-0.109825527476072	0.295722749729016
0.860298016064028	-0.321410103065784	-0.138160122130475	0.370802710152491
0.825229944476399	-0.309594020270169	-0.165771875044192	0.442342363782586
0.784312729416018	-0.295662678279814	-0.192189554703473	0.510392298346364
0.737796496247212	-0.279429982101715	-0.217462675148829	0.574704445906839
0.686389589093631	-0.261166553554709	-0.241217293828589	0.634409631426134
0.630392589290854	-0.240767142813578	-0.263461979089415	0.689365035291787
0.570117025512582	-0.218825022158575	-0.283749892451898	0.739302499273147
0.5060320707114	-0.195106618667674	-0.302212328654832	0.783921334811487
0.43863824301237	-0.169953441721155	-0.318534117431938	0.822950992128943
0.368312066694603	-0.14371339112414	-0.33276814523492	0.856129688923157
0.29609270182946	-0.116155950338851	-0.344748157996511	0.88316794251276
0.222498415222867	-0.0873627175481339	-0.354560031991184	0.903963159935364
0.147780521297262	-0.0580185178268523	-0.361962126713924	0.918573996986099
0.0718133801214154	-0.0282847882408917	-0.366841472712577	0.927076125832055
0.00421314529476708	-0.00157266274019898	0.369216500926536	-0.929332530143111
0.0798182232087701	-0.0318606048920667	0.369218612048096	-0.925360237754457
0.154696452558033	-0.061831456562601	0.366794171798807	-0.915263849433449
0.227890534507478	-0.0917974262749578	0.361813953532833	-0.899294056379853
0.299237438295886	-0.121245817880714	0.354415427629923	-0.877579689729914
0.368967741322179	-0.149737081944921	0.344879813524828	-0.849999721398372
0.435996029080815	-0.177367141590679	0.333018176175488	-0.81703565041341
0.499088013737187	-0.204417154976457	0.318739754301153	-0.779441948013604
0.559288325899034	-0.229917051055111	0.302440913956466	-0.736793194670224
0.615752795881153	-0.254092637707596	0.284201367104338	-0.689575963011592
0.667851271628086	-0.276792010135842	0.264010320504286	-0.638482116254584
0.71609752881535	-0.297810688537157	0.242137208170779	-0.582994592973927
0.759379553923288	-0.317064843059344	0.218790052449561	-0.524350542412364
0.797893060203396	-0.334338863954762	0.193753807007696	-0.462648517558117
0.831315235388034	-0.349641062238631	0.167736376997117	-0.3981590320968
0.859266549782901	-0.362946966343707	0.140138142913559	-0.33210208813982
0.881465468240082	-0.374240510375547	0.111263087523652	-0.265674978213697
0.89937338877779	-0.38276457599725	0.0826868181587737	-0.194375093627703
0.911174687800715	-0.389306148584804	0.0527791626972157	-0.12416026325003
0.917490725418514	-0.393482101737921	0.022380995260088	-0.0536814254103382
0.918334779775099	-0.39531844883452	-0.00759588969309878	0.0180792346701864
0.913644687902326	-0.394811267099054	-0.037955926321648	0.0890886934272083
0.903596522074818	-0.391995120497568	-0.0685134189629885	0.158616084374798
0.888308794914214	-0.386811992515234	-0.098609182090217	0.227068704430949
0.86796086837545	-0.379293361914642	-0.128454799181691	0.293734303654876
0.842648083431969	-0.369457753122308	-0.157460547379398	0.358680013612726
0.812548603330643	-0.357522694563136	-0.185676046530237	0.421267962041545
0.777465339016369	-0.343595864843847	-0.212714681077251	0.481914922724515
0.738699830700528	-0.327332312074663	-0.239092297335061	0.538526685457564
0.69543484674318	-0.309475284242815	-0.263836196687584	0.592440616176465
0.648076644138561	-0.289754877237603	-0.286961343771958	0.643188900417065
0.597849630114229	-0.268095873102791	-0.308963325580133	0.689378042908241
0.544241528748	-0.244962357067075	-0.329052143903751	0.731791834197764
0.487802361332044	-0.220287385315246	-0.347542209188791	0.769893977754099
0.429442700377166	-0.194207359169355	-0.364210881216241	0.803251456731279
0.367858617746054	-0.167171742193204	-0.378663030490949	0.832675179948017
0.305038290401991	-0.138955305861168	-0.391204719732914	0.857089220338438
0.240129402395822	-0.110098657498282	-0.401473235885844	0.876946632691779
0.175294158536701	-0.0799957981815414	-0.409687036282045	0.89164407840721
0.108414082481019	-0.050147758176167	-0.415721346515314	0.901613748298681
0.0418692623411608	-0.0194859518309019	-0.419451048778723	0.906602492954151
0.0247359296316086	-0.0113458797271165	0.420941995136093	-0.906679238501314
0.0908503829786383	-0.0423885887662829	0.420142659178939	-0.901903299358134
0.156317031742105	-0.0730830364058397	0.417060692435523	-0.892347597185224
0.220866465130705	-0.1036779899602	0.411843900394554	-0.877982619808775
0.283835849881882	-0.133753677323514	0.404306481115987	-0.859117822799571
0.345222058092295	-0.163174521320937	0.394568202314249	-0.8357701477803
0.404586010916266	-0.191830571259248	0.382740083083256	-0.808097284058445
0.462182131775643	-0.219388683935365	0.369059703274082	-0.775919594963084
0.51667384179663	-0.245937151975944	0.353314623378467	-0.740089072604105
0.567871084506304	-0.271604933870188	0.335419485657765	-0.700890119719265
0.616206784732302	-0.295914309931969	0.315772841941859	-0.658036041504815
0.661234913111492	-0.318745791075114	0.294501893999642	-0.611913510869764
0.702817277290019	-0.339865252620673	0.271701521450318	-0.562776836805952
0.741182769424314	-0.359065439983606	0.247693082966675	-0.510262921216452
0.775049775716859	-0.37689233794781	0.221929640442005	-0.456067150155284
0.804977311576039	-0.392726300070073	0.194982760654388	-0.399699016922331
0.830851082125445	-0.406572931171671	0.167186118753748	-0.341223874700336
0.852267208986889	-0.418618286301779	0.13819099803191	-0.281607142882429
0.869451182162695	-0.428445716787413	0.108567275370575	-0.220685423897958
0.882337887250749	-0.436101550519652	0.0781786538626894	-0.158692748531425
0.890750402122132	-0.441659066160639	0.0474517137889172	-0.0961734124166761
0.89478463504332	-0.444982670563086	0.0165904252959821	-0.0327969141450076
0.894322679295712	-0.446200043899737	-0.014982946667459	0.0294614566912687
0.889469854504265	-0.44521662376018	-0.0461172789910777	0.0921885699759299
0.880419883746015	-0.441851657560866	-0.0775942964151287	0.153645911690516
0.866994793175527	-0.43650488377197	-0.108630745860333	0.214436181890023
0.849401418471237	-0.42897575822367	-0.138842798665518	0.274262112611648
0.827861983092905	-0.419282730510845	-0.168691882364135	0.332249270381888
0.802033283051434	-0.407718202153796	-0.197590590205691	0.389186894913461
0.772808758310634	-0.393926047415558	-0.226038358420566	0.443278188915795
0.740077703650478	-0.378214083011189	-0.253414086197922	0.494995354410435
0.703355525275549	-0.360830655231786	-0.27951264251668	0.544944883435655
0.663940006241973	-0.341457181319554	-0.304374113472959	0.591563234560992
0.621125137423632	-0.320535341319849	-0.327964137513874	0.635531417893894
0.57570887687381	-0.298020088736507	-0.349963251100385	0.676216709847834
0.527819910057858	-0.273833358170012	-0.3705288818974	0.713533308388411
0.477194530660018	-0.248676558222852	-0.389189134322963	0.74764775598108
0.425085026902527	-0.221851337636804	-0.406249141003237	0.777847246781893
0.370866592221134	-0.194111760477581	-0.421451363563963	0.804460902324441
0.314834569365856	-0.165487491801113	-0.434604314803539	0.827412940159712
0.257845565596196	-0.13592051440653	-0.445894207121933	0.846297603754699
0.199858150174851	-0.105442183820793	-0.45509728701089	0.861292705783067
0.14035508204927	-0.0748658709636211	-0.462250615622709	0.872364557203138
0.0817363505661632	-0.043251948719865	-0.467398786509453	0.879196685786264
0.0219155302063058	-0.0117548969845112	-0.47026444454994	0.882175087000759
0.0378112929583752	-0.019825371875259	0.4711018249465	-0.881045022281439
0.0964056910457651	-0.0518433087432529	0.469732760901393	-0.875996202850501
0.155147819506418	-0.0833985036385998	0.466195378852763	-0.866969268445875
0.212809017293289	-0.114742631736872	0.460513331040164	-0.85409245550763
0.269081032019784	-0.145673146122534	0.452864535499806	-0.837429665818256
0.323883645115299	-0.176250470642897	0.44297593195397	-0.817194884794623
0.37807828369963	-0.205559710290135	0.431309935027834	-0.792952556491536
0.429484000986847	-0.234443803396709	0.417542016012633	-0.765661975554044
0.479136363212879	-0.262324591303161	0.401796832304775	-0.734964937799494
0.526816017798586	-0.28888627505649	0.384469597331826	-0.700851433759202
0.571662037119205	-0.31449307990579	0.365151865032576	-0.66404874329474
0.61405156373081	-0.338700781495492	0.344335222064084	-0.624224088401087
0.653278434181764	-0.361705686584637	0.321638953552871	-0.582189545837757
0.690188267914235	-0.382707251971885	0.297918547473873	-0.537047347254163
0.723514513104318	-0.402482847311534	0.272476348080917	-0.490194804831618
0.753680216590343	-0.420452781208837	0.245959500045914	-0.441236347359612
0.780503527408549	-0.43663057903541	0.218255564656479	-0.390554080314746
0.804133366338394	-0.450869670553666	0.189557210920896	-0.337867034651209
0.823864330010469	-0.463410150033039	0.159732599981777	-0.284577045957362
0.840169932242814	-0.473873516874978	0.129292838675698	-0.229873306033617
0.852808989185875	-0.482324501258751	0.0981664919647503	-0.174479922353831
0.861825265057586	-0.488713773629332	0.0668267722960604	-0.118111144596481
0.86716002011533	-0.492971230219671	0.0348970903547465	-0.0616040483576922
0.868767769602693	-0.495190783966069	0.00291123274580091	-0.00449162537756258
0.866648167274029	-0.495376450256599	-0.0295449966486632	0.0514802861760581
0.86089040564576	-0.493412682632737	-0.0615218772097481	0.10782714272776
0.851505128265655	-0.489397138621124	-0.0936557347641601	0.163272963446283
0.838630734126681	-0.483215094843902	-0.12541899237851	0.217880105204448
0.82225716478275	-0.47506404344234	-0.156851573540168	0.271302217959274
0.802392613662194	-0.464921506557963	-0.187341077529273	0.323909566006313
0.779455111798279	-0.452688702638587	-0.217606453662488	0.374392973384065
0.753219342516313	-0.438583579877031	-0.246764058054383	0.423571204373096
0.723820769676319	-0.422719048311032	-0.274875369422632	0.470994300246795
0.691600068576731	-0.404985375932448	-0.302135697475498	0.516130032779056
0.656566119474566	-0.385476815794816	-0.328031815075796	0.559217027227246
0.618778421795525	-0.364516845025521	-0.352661359544836	0.599892240237251
0.57876480424161	-0.341888503052141	-0.375953574675673	0.637810679230538
0.536783751592885	-0.31750098203348	-0.398043952836643	0.672768416354264
0.492208884695588	-0.292152169454027	-0.418185335058704	0.705335770574462
0.446123810983336	-0.265228904714671	-0.436877467969521	0.734687179252572
0.398152541345186	-0.237339552840449	-0.45374609595063	0.761090645644412
0.348813632021979	-0.208322777593611	-0.468849734840067	0.784289867709457
0.298334173677903	-0.178392448341605	-0.482101568077298	0.804208264846875
0.246216012214457	-0.147963904109087	-0.493244335427274	0.821093407584615
0.193786043429243	-0.116421329099906	-0.502648095695749	0.834408734012347
0.139921787890528	-0.0849041833434151	-0.509939542413874	0.844496794551071
0.0865649445936594	-0.0523835065695752	-0.515239554437648	0.85105268940875
0.0327735837695232	-0.0197066684964636	-0.518500337683037	0.854221832574097
0.0220960707261673	-0.0123958730920431	0.519679562268846	-0.853985514249985
0.0761588718465879	-0.0452986229793225	0.518919115659645	-0.850218096959977
0.128351011902263	-0.0785032769742652	0.515818942722402	-0.843382517945867
0.181031031745852	-0.110927811310365	0.510843463852755	-0.833043661317847
0.232531282687453	-0.143179618975418	0.503730851565066	-0.819563315713505
0.283919964276679	-0.174539965911216	0.494725254891643	-0.802603374249847
0.332794812009173	-0.20575994536207	0.483582090440654	-0.782980727597701
0.380988374262461	-0.23606597209162	0.470621300135243	-0.76002388604326
0.427840307201703	-0.265193003879383	0.45596456743162	-0.733976604173374
0.472481291681412	-0.29379458659307	0.439238895628265	-0.705347689063297
0.514881553459954	-0.321231601433239	0.420737362801947	-0.674305061296268
0.555436920397156	-0.34755220471667	0.400564199364377	-0.640504187842578
0.593781388274639	-0.372496362319855	0.378799672335539	-0.604302019883771
0.630106358684475	-0.395727244900667	0.355840180274731	-0.565458831826656
0.663416253658134	-0.417900381595185	0.331059458972696	-0.525012171353685
0.694100712089895	-0.438471889831547	0.304866913264171	-0.482724319359021
0.722360487384581	-0.457222196867359	0.277737242663105	-0.438183994453463
0.747482801209283	-0.474412098990106	0.249269288272146	-0.392514259807746
0.769950312500763	-0.48968116922445	0.219929687249206	-0.344992465792252
0.789258222395944	-0.503159679152245	0.189629751977839	-0.296550759264966
0.805356440937121	-0.514926436178455	0.158452358408224	-0.247274378940723
0.818500638428631	-0.524578036452698	0.126744182578405	-0.197003808962893
0.828493810961332	-0.532301289406045	0.0941240478290214	-0.146266900273815
0.835295179881837	-0.538046352984726	0.0612875051032182	-0.0950364468203047
0.838994798070125	-0.541671922541475	0.0280849806278837	-0.043479776961511
0.839488373963293	-0.543295448293569	-0.00533284056530066	0.00780299016155557
0.83679190875614	-0.542890288860726	-0.0384088217124455	0.0597845976455038
0.831024274825546	-0.540402622616464	-0.0719431716940954	0.110398551469284
0.822042041469024	-0.535903634754932	-0.104987211699373	0.161343923633594
0.810128035530215	-0.529308036444573	-0.137703226190799	0.211100426574155
0.795082170229279	-0.520836742625264	-0.170012827089014	0.260132790590125
NaN	NaN	NaN	NaN
0.756461815040959	-0.497845600015051	-0.233047383556662	0.354406825481657
0.732799033979383	-0.483608872066161	-0.263296229250428	0.399753837155173
0.706846395411382	-0.467277654244174	-0.292959200090683	0.442938679977517
0.677939366996263	-0.449446113264695	-0.32127411878866	0.484952932298111
0.646943126450371	-0.429641172421733	-0.34865769627521	0.524700738446937
0.613437464207514	-0.408352640128871	-0.37471949153698	0.562608124246978
0.577724749227474	-0.385623063339403	-0.399362859880258	0.598362994593624
0.540214283527684	-0.361061412758337	-0.422894627522939	0.631635431322419
0.500492212700749	-0.335450140839628	-0.444575511261535	0.662822270916666
0.459069583276638	-0.308479725213405	-0.464808198191138	0.691410670829417
0.416283511679706	-0.2802024530881	-0.483366539701481	0.717322390201254
0.371643431052715	-0.251123904366046	-0.500139248805635	0.740728476984282
0.326198469037846	-0.22066151345847	-0.515261314851279	0.761189091286333
0.279940261003252	-0.189345904334522	-0.528515726081218	0.778750734231446
0.232119403659164	-0.157487030197849	-0.539804521773457	0.793680978754881
0.183918928670098	-0.12479924492897	-0.549215075697864	0.805581638797827
0.134762376769328	-0.0919026902460407	-0.556558803344043	0.814638137919696
0.0852292558457237	-0.0586998751373434	-0.561915861759512	0.820695353288849
0.035717909076324	-0.0248591542326369	-0.565307335684184	0.823731673327973
0.0126125882759282	-0.0097929136063531	0.566646493861271	-0.823806271191722
0.0630328641972361	-0.0430632199653325	0.565986822609467	-0.820872300513149
0.111488273696068	-0.0773820127157836	0.563209944714164	-0.81509321375619
0.160302965685838	-0.110897035548929	0.558506851385692	-0.806272226765889
0.208108300596554	-0.144235951073573	0.551677961422987	-0.794693873463797
0.254466919699261	-0.177609788561103	0.542810406866995	-0.780421816701031
0.300523938803128	-0.209822697021915	0.532086207022646	-0.763245744381819
0.345189232131219	-0.241697416886579	0.519387224381631	-0.743413521426776
0.388718169667326	-0.272495287464625	0.504960105747429	-0.720874326414528
0.430264005606871	-0.302717486256725	0.48849918655136	-0.696134723837419
0.471485794665207	-0.331257696254908	0.470613207673097	-0.668201087147011
0.509481087035341	-0.359528434467534	0.450496339478842	-0.638922041315508
0.546321470992541	-0.386128559840626	0.429049771050125	-0.606921642034445
0.580414615589652	-0.411830583844702	0.405711882947845	-0.57350877260506
0.613479242083701	-0.435545475977464	0.381358585214313	-0.537130326244302
0.643774281093754	-0.457980063729476	0.355461115331243	-0.499456035819004
0.671563954508218	-0.479054876032857	0.328132106930875	-0.460258189666987
0.697082890108449	-0.49842040096412	0.299582187185831	-0.419407989124875
0.72007724615115	-0.516079337356917	0.269922306343268	-0.377217212845534
0.74067341194754	-0.531827821630533	0.239537651700675	-0.333442316437849
0.758455670307848	-0.545884626587157	0.207799980075647	-0.289091921219243
0.773528505951963	-0.558006349671473	0.17533572895974	-0.244008086661485
0.786075022032292	-0.568187286552662	0.142446392677254	-0.197378550886599
0.795727467158509	-0.576424095053104	0.109049208418153	-0.150536808771436
0.802621915787762	-0.582679416305838	0.0751044511064966	-0.103160455285259
0.806700830163692	-0.586922089113772	0.0409076434272444	-0.0555229378974633
0.807975373103222	-0.589127504364194	0.00587145172221804	-0.00837293944802458
0.806418933573477	-0.589348174040902	-0.0287202535047805	0.0391456302477213
0.802084092048899	-0.587482334462878	-0.0629299842771952	0.0869794979004375
0.795071415541835	-0.583572664181944	-0.0980470406075004	0.133008148757892
0.785182070960754	-0.577696670554274	-0.131792902911932	0.179961948795668
0.772773397368845	-0.569728344967285	-0.165896289932052	0.225187278163381
0.757702124010327	-0.559820188704324	-0.19942512407949	0.269663619116806
0.739981330834788	-0.547969094221303	-0.232220855279771	0.313418212883987
0.719785385509371	-0.534229071576882	-0.264153476646006	0.355993312669013
0.697348279734734	-0.518474136539777	-0.295523254736805	0.39693318379811
0.672261091819963	-0.501172299169716	-0.325512839563447	0.436958513190114
0.645005939473576	-0.482039988749551	-0.354759858298493	0.475131803008571
0.616073998554674	-0.460767751637541	-0.38321857714762	0.511164777234009
0.584285194120387	-0.438733016179093	-0.409467094690092	0.546315706173777
0.55100653166872	-0.414628236950031	-0.435011867536075	0.578999052058717
0.516329658727679	-0.388789233412057	-0.459351186681275	0.609297220406862
0.47917743686447	-0.362216268216219	-0.481649709650523	0.638123746802358
0.441134856244733	-0.333874820981152	-0.502615788655191	0.66430791920258
0.401295866617427	-0.304475962971043	-0.521982932507845	0.688323930703513
0.360293787967494	-0.273995805027191	-0.539479425835381	0.70998354507683
0.31794730473718	-0.242858095403257	-0.555102132508924	0.72924006979287
0.275206522585327	-0.210208107562133	-0.569164812822279	0.745738115752856
0.231121294329572	-0.177093508179178	-0.581165924570417	0.759912498111741
0.186790447547268	-0.14316750936915	-0.591355926705369	0.771304454101336
0.141734416384074	-0.108705849695198	-0.599432928070475	0.780240064466808
0.0958045287269884	-0.0742883129218597	-0.605519113789958	0.786542650892911
0.0504722642474165	-0.0387795379742899	-0.609573656510539	0.790170016682873
0.00428644219636286	-0.0036015082724983	-0.611653591787473	0.79110589632801
0.0413637079276432	-0.0318766788667688	0.611650327780661	-0.789402810697246
0.0868400618665382	-0.0671644859710654	0.609616817213052	-0.785057368381628
0.13145873253197	-0.102853559404533	0.605428171899929	-0.77820079390143
0.176710346155537	-0.137346061450591	0.599366380390618	-0.768550229342917
0.220563722158502	-0.171830023216061	0.591291012304869	-0.756439704376124
0.263418726475588	-0.206153731193213	0.58109152372057	-0.741919035149525
0.305776283552427	-0.239295069900103	0.569071357657549	-0.724842413102437
0.346311938982026	-0.272459442050805	0.5548318750551	-0.705687950711018
0.386032875068046	-0.304455981250636	0.538946106235553	-0.683975342699535
0.424936380068603	-0.334935511580797	0.521416498412012	-0.659827334353509
0.461103085795945	-0.365442104142499	0.501577508758045	-0.634236561148468
0.496776087197049	-0.393944323670346	0.480536942607226	-0.605892429253579
0.530196018765662	-0.421578234779475	0.457608969676633	-0.575984378708966
0.561699974007749	-0.447963668626981	0.433028553994705	-0.544341769677108
0.591933484193347	-0.472415357847154	0.407316101261101	-0.510423425808737
0.61976820497497	-0.49564552781953	0.380110272052362	-0.47512005212881
0.645540445168586	-0.517294017735894	0.351518136567656	-0.438314307923211
0.668868513902853	-0.537428910894122	0.321383929868971	-0.400621325526393
0.690333747495812	-0.555507125013772	0.290642966894305	-0.36107868522276
0.709322792907951	-0.57198255095729	0.258657149686821	-0.320614434761668
0.72575262764568	-0.586730240054856	0.225625029045205	-0.279506878518065
0.739974614649492	-0.599423397099452	0.191813735818247	-0.237353431480432
0.751741820558903	-0.610153330790304	0.157504295595194	-0.194395331778685
0.761090298315932	-0.618891648667896	0.122992345888965	-0.150291609450521
0.767702645165567	-0.625757598545596	0.0869741885627969	-0.107217381949404
0.772014441663343	-0.6304094088857	0.0512695844099677	-0.0628419347732705
0.773677671026683	-0.633114004626639	0.0144806641037861	-0.0194891987382906
0.772840725133292	-0.633735060304165	-0.0209075871486302	0.025689681125817
0.769445089298498	-0.632322312438788	-0.0573560236846442	0.0695200280032768
0.763536703106149	-0.628848390965392	-0.0931479458920196	0.113511516447128
0.755160919162741	-0.623285217259992	-0.128928597240659	0.156923360045611
0.74441827540025	-0.615635162661727	-0.164600609799999	0.199352494336175
0.731330388422166	-0.605914376736148	-0.199915102670586	0.240951411614332
0.715639139860474	-0.594410396268368	-0.234073711632741	0.282394050628399
0.697861942807897	-0.580748147850598	-0.268111773408431	0.322236519513654
0.678093279355762	-0.565032953772898	-0.301319129994108	0.360740970147301
0.65562817318405	-0.547833409117327	-0.333194944412389	0.398762314418323
0.631516912498779	-0.528493322897183	-0.364389379799258	0.434858111078333
0.604858992395953	-0.50788660801426	-0.393846791441967	0.470193042896627
0.577055899992188	-0.48483444946261	-0.423155136630741	0.50287351813504
0.546904368640883	-0.460800105474182	-0.450214237368913	0.534664394575539
0.515047845132054	-0.435131116946303	-0.476165202338585	0.564493869206517
0.48160876605401	-0.407993856054348	-0.500597949824872	0.592448902870934
0.447431141221035	-0.378955275698781	-0.523857908520424	0.617876334363366
0.411241038741901	-0.348948504689219	-0.545216663125828	0.641758941799472
0.373965732023963	-0.317811902325714	-0.564817015266401	0.663420654846867
0.335250862526622	-0.285759321274193	-0.582650385744739	0.68298389254182
0.295586323196364	-0.252652421270372	-0.598528048337741	0.700399639433437
0.255017525488904	-0.218796540780875	-0.612513521496538	0.715486772358336
0.213823215231533	-0.183935102336231	-0.624708779028979	0.728139033537368
0.172174155355334	-0.148401576237482	-0.634881803625075	0.738415958538058
0.129895941236935	-0.112347389197134	-0.642997073561719	0.746364436439614
0.0874571575354792	-0.0758558439202663	-0.649113387430936	0.751830397627612
0.0455465032907991	-0.0382765140838119	-0.653097843368362	0.754932865555055
0.00243138021501455	-0.00164464145797742	-0.655056868402696	0.755573876403345
0.0408764536025999	-0.0350033901443418	0.654861128468719	-0.753830737393981
0.0834258513127816	-0.0718894580070107	0.652616575842614	-0.74964234011671
0.12505595135934	-0.109361971453425	0.648155102615403	-0.743166153146823
0.166708865253337	-0.145980366015393	0.641725746742567	-0.734224729188313
0.207667780100145	-0.182198301363765	0.633113816109809	-0.723080056383325
0.2480109369624	-0.21797773490717	0.622553366581379	-0.709509399507831
0.287646418087354	-0.252824143025867	0.610058339226529	-0.693662968310201
0.32571254681043	-0.287451784238501	0.595344120716145	-0.675905456788955
0.363058269002476	-0.320956475059018	0.578840097266325	-0.655835174585297
0.399601739086598	-0.3529968557721	0.560741141796198	-0.633467474959112
0.434223322491256	-0.384608856862413	0.54052672846282	-0.609390670461013
0.467631334495358	-0.41484939491353	0.51864317596133	-0.583292525725055
0.499226826647577	-0.443990464128333	0.494825512391791	-0.555691241252459
0.529599062426801	-0.471469998619733	0.469787092982274	-0.525871620022822
NaN	NaN	NaN	NaN
0.583872088038501	-0.522908881585302	0.41431218997802	-0.462606847770746
0.608629022750548	-0.54583273619386	0.384841033935711	-0.428409518293106
0.631269245974099	-0.567256452990622	0.353908063691558	-0.393024602387539
0.651628376430508	-0.587113236019509	0.321503606049581	-0.356810787979227
0.670176870200513	-0.604815152423882	0.288501180657805	-0.319106036930944
0.686351982908082	-0.620893571103489	0.25398868662078	-0.28089477743303
0.70047862218266	-0.634884417321503	0.21902300408605	-0.241413338878654
0.7122508373111	-0.646933112912581	0.183116376247447	-0.201605270062262
0.721844587916932	-0.656916040801683	0.146707902403778	-0.160867950831605
0.729104849285826	-0.664840830799263	0.109633299386638	-0.119888815640319
0.733981552669114	-0.670710800241293	0.072142410215922	-0.0788262356665463
0.736591027662995	-0.674430779956807	0.0340587316427192	-0.0376401887895597
0.736849946736571	-0.676034030548747	-0.00393290390733631	0.00383116185824444
0.734783284052364	-0.67549860438341	-0.0420898339569098	0.0449845176785155
0.730366018969462	-0.67285535259332	-0.0794684852672385	0.0866943635454451
0.723741370593845	-0.667976476441803	-0.117625038999629	0.127162123337387
0.714835098299808	-0.66099789332536	-0.155162513466458	0.167383277757699
0.703483367479337	-0.652086976012466	-0.191927085761702	0.207503544899525
0.690091348061922	-0.640947129821718	-0.228400724942676	0.246564022008567
0.674639167657427	-0.627680258256215	-0.264579596351358	0.284389036449119
0.657155115608512	-0.612412791182545	-0.300013762389558	0.321075488946805
0.637171550934923	-0.595552578967432	-0.333688377352824	0.357745170734791
0.615762335760416	-0.576221954663232	-0.367441306028288	0.392163092918223
0.592220652314112	-0.555326529795676	-0.399525771745774	0.425753804432426
0.566837643839347	-0.532680610218857	-0.430491496627067	0.457846616625385
0.539672347639512	-0.508306032958349	-0.460000519370038	0.488649420577472
0.510902372483335	-0.482153497403488	-0.488410878802824	0.517650059595802
0.480896646895212	-0.454340824861393	-0.515343802168359	0.544732590759788
0.449032690020348	-0.425229281362785	-0.540590552091716	0.5703609002675
0.415989592681754	-0.394629182396178	-0.564206604609428	0.594046609700697
0.381658846546568	-0.362800982466648	-0.58595682233983	0.615927409949733
0.346002380710926	-0.329813367048497	-0.605993017378423	0.635828560499683
0.309545065253928	-0.295617838502653	-0.624196870995406	0.653582597974812
0.271944111577344	-0.260701208210844	-0.640365471841741	0.669337988380101
0.2338998593548	-0.224582948519775	-0.654663866938972	0.682838616623636
0.195381072188008	-0.187396416483607	-0.667009465058799	0.694123327112511
0.155893140357638	-0.149966257638743	-0.67712542035982	0.703355255515874
0.116320293267665	-0.111753430634966	-0.68522657024429	0.710243132699421
0.075884516903769	-0.0736330640774652	-0.69107723018241	0.715004876831098
0.0362150223041323	-0.0342587279766929	-0.694865939218226	0.717409324048205
0.00433163149401708	-0.00444556555487174	0.696403696678681	-0.717623414589968
0.0444504577378015	-0.0434027604584577	0.695809055860741	-0.715534845394457
0.0845839320363565	-0.0821496378643589	0.693039482502017	-0.711191444783583
0.123868747405544	-0.121326300397543	0.687959751672378	-0.704732461524873
0.163381878215632	-0.159351622366054	0.680886715145304	-0.695921477940347
0.201389780404429	-0.197945640654852	0.671434093260036	-0.685153952117675
0.239273493823273	-0.23544739996546	0.659994006279089	-0.672101650555023
0.276518387679538	-0.272140111413523	0.646454647241452	-0.656942714469743
0.312672168290063	-0.308162346454938	0.630948941803486	-0.639668286099318
0.347345668500831	-0.343481121000958	0.613205381346164	-0.620766354096081
0.381882778965568	-0.377123734071551	0.593999475104743	-0.599256085413202
0.413645928390045	-0.410933133833129	0.571991853561111	-0.576937019876646
0.44529237036751	-0.442379818880229	0.548932913465892	-0.551985015425082
0.474988174861549	-0.472891657888784	0.523784179328393	-0.525746942098738
0.502883959434372	-0.502268161044283	0.496800471717051	-0.498019787806187
0.52938110739909	-0.529987871322234	0.468106633482814	-0.468769323942627
0.554701446820097	-0.555427036187524	0.438766548771043	-0.437368297944859
0.577679836130075	-0.57975792868719	0.407238557352742	-0.40536836144219
0.598834282508926	-0.602268580916322	0.37450740417594	-0.372040673516294
0.618004659787606	-0.623041130031269	0.340325691021478	-0.337740158703281
0.635402732996225	-0.641622279479276	0.305554818546171	-0.302027267378232
0.650796722091819	-0.658255814527791	0.269636354097246	-0.265441416708176
0.663759638207572	-0.673163424382068	0.232111870642456	-0.228906588519469
0.67490244042976	-0.685746165910348	0.194253640757123	-0.191113617761305
0.683890879781186	-0.696198791547606	0.155926390814079	-0.152602319272881
0.690642716962481	-0.704543566277425	0.116432822588251	-0.114343336263658
0.695166532780256	-0.710726253098907	0.0761604440840848	-0.076231696919198
0.697684354364444	-0.71452802971948	0.0375118499394096	-0.0357644730758049
0.697834865646917	-0.716246804922782	-0.0027718105007096	0.00305479819360368
0.695916740318597	-0.71559064885443	-0.0432762335387416	0.0419175551187561
0.691743451142262	-0.712772530015833	-0.0834127972446125	0.0805519926038522
0.685388761047856	-0.707717965519003	-0.123066390664075	0.119298746849429
0.676935388806274	-0.700372429903448	-0.162797835760915	0.157269842895577
0.666399791861567	-0.690772926528554	-0.201958624496052	0.194825037851141
0.653765572451343	-0.679052897990695	-0.240507040682081	0.231590374131039
0.638939169230835	-0.665266688870383	-0.278212580344454	0.267908064156582
0.622399707292932	-0.649129352333101	-0.315549848239218	0.302783720793386
0.604019938606755	-0.630844003325183	-0.352165750759445	0.336414983652905
NaN	NaN	NaN	NaN
0.561128812071511	-0.588879342697381	-0.420940184897084	0.401453529996094
0.537277620523877	-0.564752484564541	-0.453905232590234	0.431691359062912
0.511727011275101	-0.53886445685254	-0.485432551633435	0.460560311888814
0.484757470759529	-0.511169916705352	-0.515501618212467	0.487825370822999
NaN	NaN	NaN	NaN
0.425867632855365	-0.4513046470616	-0.570385972638414	0.538164210110727
0.394650926404072	-0.418927954326417	-0.595342938885698	0.560639635141176
0.362132306147519	-0.385400162062338	-0.618409765841978	0.581288456308805
0.328713773791338	-0.350313798505832	-0.639737572588333	0.599969445651243
0.294078864177482	-0.314262476721351	-0.65898577377957	0.61684233587294
0.25866970883542	-0.277013470089254	-0.67617108513113	0.631780169641861
0.222640751943353	-0.238803638320452	-0.691375911025475	0.644517856659307
0.185959695683105	-0.199810087855849	-0.7042909561871	0.65533897290299
0.148473624293436	-0.160357376577326	-0.71503892095347	0.66404851945329
0.111094136838481	-0.119709206046043	-0.723591717913377	0.670628678565946
0.0730117255280532	-0.0791889073433764	-0.729828984847354	0.675091147746628
0.0350528011838459	-0.0380070415136519	-0.733865997288217	0.677323751206701
0.00279181152848451	-0.00361944301131511	0.735494031597569	-0.677515782033918
0.0415127609360423	-0.0441016058161433	0.734838546014168	-0.675532419899806
0.0790203464547585	-0.0858024813774305	0.731874122851165	-0.671382147019478
0.116413794259232	-0.126971979448732	0.726515767752986	-0.665207324183468
0.153531070142821	-0.167775967490632	0.718893700232153	-0.656864737217568
0.190088508146438	-0.207936824678282	0.709033384783921	-0.646452082737175
0.225398389150978	-0.248282621706905	0.696676621167458	-0.634186874229659
0.261053563458576	-0.286640369376188	0.682457828709507	-0.619628636912923
0.2948433436546	-0.325215493617053	0.665701469012592	-0.603443319267409
0.328012308059054	-0.362455493680778	0.646990738478428	-0.58518110460398
0.360153966078165	-0.398490441451196	0.626237619839683	-0.565084889452662
0.390811253623528	-0.433712500444386	0.603150731521226	-0.5434788184142
0.420257152219339	-0.467531569680306	0.578188005009593	-0.520093057273203
0.448614370622779	-0.499517609122003	0.551758154875581	-0.49476281507007
0.475414672625896	-0.529973249165632	0.523487580702864	-0.468049139589741
0.500331188165049	-0.559323415324472	0.49303208937152	-0.44016517134943
0.523686887587206	-0.586839154068291	0.461005259563854	-0.410908751033731
0.5451926225539	-0.612653224404833	0.427372272718143	-0.380491749517504
0.565366248453876	-0.636103699259068	0.392833290492238	-0.348446688575398
0.583279308468395	-0.658011920608168	0.356247989499849	-0.316058429135336
0.599406958335094	-0.677773434182591	0.318550971015912	-0.282594672774679
0.613806056373728	-0.695142909549967	0.280615558056854	-0.247534581498784
0.626175136820274	-0.710418443315327	0.241349136449659	-0.212039920204998
0.636394160190385	-0.72353381424656	0.201140743559659	-0.176192206972008
0.644559239993967	-0.734452969248386	0.15960743471484	-0.140170213969935
0.650726081200588	-0.742919653102903	0.118365903753188	-0.103031398648559
0.654715105117918	-0.749121484559406	0.0757101312211234	-0.0665815930451136
0.656655115313067	-0.752881422072742	0.0336221437951601	-0.0290374805643559
0.656473979340302	-0.754251683519434	-0.00902152522725678	0.00805757033987882
0.654270736540412	-0.753147993767874	-0.0518339348416304	0.0448458023579271
0.649883235670625	-0.749696384398198	-0.0944907788270735	0.0817227259163666
0.643477765804602	-0.743785399259547	-0.136919157179138	0.118206552951976
0.635097884422825	-0.73539920719974	-0.179314339736303	0.15389948283402
0.624594436165509	-0.72476899395673	-0.220385285423876	0.18979468295681
0.612041000767024	-0.711841681457683	-0.261109699918241	0.224741982122175
0.597608700980744	-0.696537687434673	-0.301288148996618	0.258697780758664
0.581469922528101	-0.678736927623102	-0.340943394190455	0.291490161470003
0.563124958554708	-0.659214655755384	-0.378636947372941	0.323975895359778
0.543507938915948	-0.636750580071513	-0.416527277693257	0.354475451972875
0.521705517371506	-0.612964089658537	-0.451912935204994	0.384542685442875
0.498512552435873	-0.586829021869632	-0.486311531152452	0.413059352664432
0.473520972021468	-0.558833078565436	-0.519270605329318	0.440274366500986
0.447402928650898	-0.528773827124964	-0.550756940582928	0.465720572427234
0.41950717610638	-0.497255710921491	-0.580272333161822	0.489933165358448
0.390849140438153	-0.463521721247039	-0.608340962002742	0.512158019853753
0.360566712070384	-0.428756044652697	-0.634134943388044	0.532947252450718
0.329387359765297	-0.392143493392739	-0.658129249378463	0.551899754420244
0.296824248238738	-0.354789833741508	-0.679687261031256	0.569249301029883
0.263924174717653	-0.315546835465501	-0.699546821632595	0.584301693452148
0.229646984576663	-0.275798030124289	-0.716851104898265	0.597764336892511
0.194988875941431	-0.234721692991902	-0.731996275469976	0.609152294419216
0.160168613189732	-0.192391263642941	-0.744894459607565	0.618436626558215
0.124211017028867	-0.150198205055998	-0.75521172344823	0.625833344599794
0.0881807593539519	-0.107083254331673	-0.763199158317989	0.6310977539686
0.0521836024916297	-0.0631988283849739	-0.768715715104979	0.634317687812979
0.0159883126965881	-0.0191835404396263	-0.771750807589149	0.635434541568849
0.020319361195794	-0.0248553521309483	0.772202169944724	-0.634565318752688
0.0566938361241041	-0.0687001101626853	0.770185814241776	-0.631569406597486
0.0921687566023684	-0.113117905899283	0.765593275765693	-0.626559012203711
0.127478327779713	-0.15696059342494	0.75845766175594	-0.61956002403471
0.162870346393409	-0.199813010909642	0.74899479443246	-0.610372680294582
0.197155429603982	-0.242603793226372	0.736939268194004	-0.599327665875297
0.230855537221332	-0.284657366221324	0.722430124360079	-0.586319554686068
0.263776977360469	-0.32574921622578	0.705522952284867	-0.571442488919147
0.295613038183467	-0.365864965040051	0.686280774324295	-0.55477424039426
0.326450957661533	-0.404966561453457	0.664796078360102	-0.536169777722934
0.356102258284567	-0.442995910505737	0.640809710083419	-0.516051083113512
0.384826101968383	-0.479016563628329	0.615198176242903	-0.493946562859721
0.41201465574097	-0.513919108392543	0.587198574578938	-0.470456063300418
0.43790779608185	-0.547180309620591	0.557216058545939	-0.445354617123007
0.46192367716326	-0.57890193628101	0.525164600450602	-0.419167278159483
0.484720936584585	-0.608477705614827	0.491535322087437	-0.391399441168071
0.505756879489234	-0.636305957210786	0.45608096749222	-0.362373921190168
0.525149178247764	-0.661855318514456	0.419356996956611	-0.332122849324402
0.542587735130363	-0.68555222565744	0.380611275663444	-0.301250315219882
0.558146491198371	-0.707084465810999	0.340461573832762	-0.269425257381411
0.572047549694069	-0.726000703376322	0.299763082077362	-0.236276689941216
0.58389768497429	-0.742773774912569	0.25727354918916	-0.202881575485333
0.59399216521116	-0.756774461997936	0.214727844510208	-0.168397369716666
0.601849046781053	-0.768620999746777	0.170534615781812	-0.133855998958404
0.607800189609575	-0.777767190339863	0.126035638530119	-0.0988541600627163
0.61166434134011	-0.784381041340862	0.0814694905435769	-0.0630542435412865
0.61350255695042	-0.788386226146792	0.0359866180020948	-0.0276899686184047
0.613259886762201	-0.789782523622498	-0.00990505717060653	0.00760042836547149
0.610957799272292	-0.788545247673845	-0.0555546454793041	0.0429026950787616
0.606664126947371	-0.784603277961217	-0.101356440501465	0.0779949053244535
0.600318687976142	-0.778072836357891	-0.146532048851674	0.112909223927543
0.591991693365931	-0.768902982581558	-0.191275157100931	0.14747153162199
0.581667815756989	-0.757082607179252	-0.23599196313353	0.181097408472741
0.569430939038714	-0.742720746724477	-0.279751043911994	0.214134657355305
0.555294641031673	-0.725842014607163	-0.322458528619318	0.246620617129195
0.538994382985373	-0.706882843773704	-0.36362152028405	0.278533822497259
0.521703328308377	-0.684444255767737	-0.405451787713718	0.308172915452121
0.501969905426223	-0.660547762495534	-0.444513810799502	0.337802219526511
0.480938031297351	-0.634077897099846	-0.482535083167152	0.36579191348926
0.458158397431308	-0.605462614993589	-0.518917801050805	0.3927215558903
0.43382208792287	-0.574872012146355	-0.553577673031998	0.418177385330103
0.408308332348641	-0.541827546603791	-0.586760095561389	0.442063124149457
0.38147961086731	-0.506955912959797	-0.617939986237233	0.464348126104491
0.35295322374393	-0.470843814000264	-0.646675494527121	0.485325591170047
0.323887777541841	-0.432234043066736	-0.67381009728481	0.504232478496005
0.293531615536117	-0.392501069217926	-0.698421012396168	0.521526788177802
0.261869108776141	-0.351681537808535	-0.720559382100029	0.537158117039143
0.22996065517614	-0.308836365039459	-0.740623750755382	0.550649304473549
0.197061143683055	-0.265333318825995	-0.757960368389104	0.562371065687561
0.163655337681895	-0.220488466592886	-0.772804814595853	0.572166483713623
0.129806650284144	-0.174922948431858	-0.785036655886301	0.579887613739739
0.0949019963072198	-0.129406305388216	-0.794394876843396	0.585819425136826
0.0606390865450374	-0.0822164547421392	-0.801310795582951	0.589461079830411
0.0258222282088691	-0.0353052085074782	-0.80534123792979	0.591195606607734
0.00897058932523958	-0.0119940461857841	0.806665137701745	-0.59081894604005
0.0434670315985362	-0.0595560133228398	0.80519187699592	-0.588412898958622
0.0780520685016281	-0.106622757373102	0.800909621866567	-0.584023321293188
0.111937916054928	-0.154005483389483	0.793835878711556	-0.577561089154649
0.145664589437841	-0.200318358045616	0.78404182382037	-0.569150947740791
0.178758943442922	-0.246309250335328	0.771442740444814	-0.558796109107261
0.210856024896163	-0.291890684110383	0.756065059998937	-0.546539285269929
0.242398990589691	-0.33622868706414	0.738087403668607	-0.532372035236598
0.272832533549873	-0.379653064478266	0.717437414419396	-0.516439266187449
0.302601014430977	-0.421563731952527	0.694335393094216	-0.498613084329225
0.331169035309216	-0.462016291066936	0.668861196882028	-0.479053980409992
0.358031779019451	-0.501550070281911	0.640494992283902	-0.458286959307836
0.384080304174082	-0.538949518081576	0.610244248292765	-0.435451138855761
0.408544751813412	-0.574534537143517	0.577696842546828	-0.411421449983381
0.43185463526405	-0.607977794744748	0.54327391171293	-0.385639769669052
0.453197314424209	-0.63967262096952	0.50660436172543	-0.358863696772799
0.473067655251025	-0.669018289932182	0.468224449192866	-0.330737639934667
0.491104587181216	-0.696281163080957	0.42780569843889	-0.301647328467221
0.50741624227649	-0.720972045402747	0.386088932690769	-0.271410027219867
0.521809113018214	-0.743297621983402	0.342546337081162	-0.240594891211853
0.534517462046961	-0.762775400461033	0.298342011442309	-0.208462983349429
0.545051018749542	-0.779947212462571	0.252116685223319	-0.176178630270409
0.553786670706542	-0.794143360999842	0.205313052696083	-0.14318937083546
0.560534140781789	-0.805517352849353	0.157968765891898	-0.10949493266441
0.565182264445455	-0.81413219267474	0.109694881157591	-0.0756624996596724
0.567840784207273	-0.819828398594228	0.0608039744321766	-0.0417266981984358
0.56838589995468	-0.822643858478853	0.0116482227572566	-0.00767266227141366
0.567049745010702	-0.822386666838117	-0.0382236477991071	0.0259559172274694
0.563496082262632	-0.819295860309795	-0.0874145610569282	0.059876147747851
0.558063121006675	-0.813162989443623	-0.136393101989151	0.0934260525826531
0.550626311004195	-0.804006875526427	-0.185554468745283	0.126305775263048
0.541066935471494	-0.792171572116909	-0.233074824439837	0.159332664201821
0.529727908363667	-0.777223402575766	-0.280662926251495	0.19115555816442
0.516399976976819	-0.759502131984804	-0.327151451659675	0.222394925674676
0.501363790449727	-0.738849677126393	-0.372753101231784	0.252568069553923
0.484359647966017	-0.715752840548142	-0.416562957074369	0.282079608378485
0.46568984521309	-0.689811747827698	-0.459315634447695	0.310357646234494
0.445475537021696	-0.661200413429896	-0.500615860115819	0.337267430677593
0.423664178947452	-0.630078086065845	-0.540221880551445	0.362864421939989
0.400468521001177	-0.596580418049559	-0.577784550044178	0.387145686037169
0.375232240458593	-0.561350791704483	-0.612925612818229	0.410375739444443
0.349276269129928	-0.523352458749973	-0.646488861975822	0.431463142208281
0.321950240539572	-0.483509017812934	-0.677532091640903	0.451128958399686
0.293260622387287	-0.442090788140818	-0.705938524381381	0.469259781136515
0.264117033769469	-0.398316263370579	-0.732245946085595	0.485182667918515
0.233759944783404	-0.353331614918262	-0.755644500755096	0.499514210601355
0.202551797593361	-0.306957615608113	-0.776247378550247	0.512044723442932
0.17071617673586	-0.259157012456766	-0.794088103292323	0.522606653329993
0.1381238497195	-0.210493009826867	-0.80904167849664	0.53109891490007
0.105164203690388	-0.161093126762203	-0.82086888126835	0.537739504348891
0.0724475255616893	-0.110098592267815	-0.829873705355669	0.542161681770196
0.0389077084270065	-0.0593085522178207	-0.835607008051127	0.544728936219317
0.00553853345501297	-0.00810632716722012	-0.838272368423414	0.545163322725241
0.0277257753780523	-0.0433976347007182	0.837805039196526	-0.543535318980263
0.061270700157331	-0.0944439248023413	0.834210266856055	-0.539832823235221
0.0941605426315989	-0.145359837813718	0.827465596737863	-0.534139491123193
0.126311396948668	-0.196759212803324	0.817399568266982	-0.526487596221264
0.15845119543751	-0.246353413861382	0.804437360451886	-0.516801458253041
0.189875746126926	-0.29539105973029	0.788437462898137	-0.505032365262771
0.220025140355427	-0.34386932013001	0.76911483350165	-0.491736922726602
0.249172580926964	-0.391428764648093	0.746737679606438	-0.47652847236682
0.278075689755191	-0.436621039475024	0.721902035293806	-0.459231347028473
0.305380559090912	-0.48075748246015	0.693995785201564	-0.44043706396075
0.331370831001772	-0.523257225382829	0.663355926358321	-0.419945429087103
0.355990935634505	-0.564137446091688	0.62974135629653	-0.398051780341483
0.379291658682086	-0.602403767549075	0.59409153166987	-0.374570140954962
0.401175690665082	-0.638537682988993	0.555912887422026	-0.349697804140301
0.421631990314551	-0.67213283452289	0.515721768689325	-0.323256824830614
0.439978584179944	-0.703600303048601	0.472969341575439	-0.29608353710165
0.456785440295565	-0.732147314801648	0.428641950038409	-0.267532146909475
0.471748815925444	-0.757961307594033	0.382424182157125	-0.238116475206441
0.484796690695956	-0.780906653173983	0.334672180677138	-0.207729389349862
0.495879066362235	-0.800922163568217	0.285102934563408	-0.177042243976565
0.505078900706032	-0.817776964162923	0.234614593369381	-0.145231310412663
0.512309009147216	-0.831380934778519	0.1832677633306	-0.112951969248849
0.517401711803477	-0.841864374224499	0.130621508567667	-0.0806093389994664
0.520508631096289	-0.848967676177905	0.0776750993372106	-0.0478667807807152
0.521558024932319	-0.852740577719315	0.0242590676217979	-0.0149074269324956
0.520499084024841	-0.853175330152813	-0.0290783884332178	0.0180833313873987
0.517473725483194	-0.850125502903204	-0.0836499475942297	0.0501024851240026
0.512090664414914	-0.843974960995315	-0.136150085550856	0.0832620612076313
0.505018832889675	-0.834128525806566	-0.189641618531684	0.114985378997498
0.495736840631765	-0.821084164641536	-0.24208718674423	0.146490864662651
0.484735840738969	-0.804466011920432	-0.294217395559991	0.176922933837919
0.471443092264764	-0.784988241636039	-0.34433843715771	0.207282203637412
0.456642549978542	-0.761879785321587	-0.394045190270484	0.236104134424042
0.439861192376767	-0.735900733308145	-0.441812707919484	0.26414725680627
0.421373936604845	-0.706674676025338	-0.488222024795259	0.291022614790393
0.401219398200091	-0.674684642682052	-0.532509841144203	0.316633694545487
0.379531314771923	-0.639703187206412	-0.57491635704385	0.340891472156289
0.356379499896873	-0.60198469048367	-0.615133589823357	0.363618964229818
0.33157283975332	-0.562091570518698	-0.652520556347768	0.385135614859678
0.305517621611041	-0.519941299248771	-0.687353840353627	0.404802082963704
0.278478540993526	-0.47484568336402	-0.719924782925404	0.422705081737236
0.25039543770847	-0.427917627417999	-0.749416350841578	0.438820876908822
0.221217900842374	-0.379210698079017	-0.775841548443985	0.453135496863089
0.191391002434674	-0.328458173316589	-0.799286954294616	0.465429991795776
0.160677550210818	-0.276347207977062	-0.819370964418463	0.475863602484462
0.129431398554744	-0.22322772618937	-0.836005838063348	0.484263496510408
0.0973896911448223	-0.169308669791673	-0.849142957311906	0.49071994094359
0.065441906848798	-0.113758380495143	-0.85897649398491	0.494909860961071
0.033248904840027	-0.0579170245528286	-0.865090006566703	0.49715129400647
0.000698106333608062	-0.00213011296023026	-0.867648666082441	0.497172774306562
0.0314655712463421	-0.0543231310493936	0.866511771055918	-0.495193160171531
0.0633696739344572	-0.110751284721536	0.861697896961974	-0.491116250728155
0.0947382636994935	-0.167170095430884	0.853095400222714	-0.485084589225098
0.126541028083441	-0.22162802653574	0.841178642511641	-0.476746135220551
0.156573556373225	-0.277012250267744	0.825203978036003	-0.466676900306622
0.186325529549188	-0.330651300039911	0.805828649321114	-0.454524699827678
0.215435547066377	-0.382593235402597	0.783194016971787	-0.440246604829589
0.243305951897664	-0.433431058289721	0.756894313946021	-0.424323849196821
0.270063456018377	-0.482636186218445	0.727184866379572	-0.406608179436233
0.295550942819377	-0.52979923058274	0.694312205690172	-0.387160143225207
0.319625182725819	-0.5747240073862	0.658389696588011	-0.366135310135722
0.342425133891785	-0.617353480607101	0.619319486986772	-0.343603085987207
NaN	NaN	NaN	NaN
0.383174656740425	-0.694461363461808	0.533303166847885	-0.294088981977634
0.40089119520496	-0.728755956463521	0.486435766330188	-0.267546726313069
0.416802269060514	-0.760037860396925	0.437132628589204	-0.239861177125363
0.43092848103604	-0.787805208282702	0.386159493880405	-0.211055545581369
0.443055762622817	-0.812351195816686	0.332851403363166	-0.181650954143063
0.453110726725022	-0.833313641300328	0.278093304606143	-0.151469992020684
0.460961641070396	-0.850983462607046	0.220477274074381	-0.12137249872908
0.467272007357506	-0.863941307603173	0.165321470960285	-0.0890567201087862
0.471179155851482	-0.873622138926169	0.107040820828656	-0.0575918756898749
0.472867271706082	-0.879446571533637	0.0479759856934734	-0.0258568359184982
0.472454495415733	-0.881265485013925	-0.0110735605225404	0.00593893441540445
0.469918750073055	-0.879105788429916	-0.0701705576592898	0.0377554488329513
0.465380300932041	-0.872833154438468	-0.129747856222376	0.0689126535775079
0.45848969685988	-0.862791767426127	-0.188021382906196	0.100127536197973
0.449677822217047	-0.848564318993219	-0.246325283014928	0.130584484856827
0.438900216085573	-0.830326318719813	-0.303773550994943	0.160145041999944
0.42585165695776	-0.80866821585286	-0.358888904140774	0.189485718248941
0.411169216502621	-0.782723279625618	-0.413631541760583	0.217239707681401
0.394566302515745	-0.753221731453679	-0.466209973794839	0.244177633126358
0.376212660691406	-0.720019022370856	-0.516974042989228	0.269767455848517
0.356000833275119	-0.68360377411514	-0.565185088717987	0.294134496810217
0.334290065168406	-0.643653281204849	-0.611069854174385	0.317102884318685
0.311088678777461	-0.600663775364237	-0.654159894114129	0.338380992129089
0.286212921415229	-0.555256862346927	-0.693843845518143	0.3582634484122
0.260500139943047	-0.505878588150147	-0.731290670829385	0.376085742748612
0.233303196849015	-0.454988633602487	-0.764678684235609	0.392200805083659
0.205250321451131	-0.40140543357099	-0.79469902166733	0.406447350101932
0.176153623684875	-0.345775249044925	-0.821078061500865	0.418617002679763
0.146626581727381	-0.288032695821264	-0.843640802720046	0.428728361150455
0.116175526230245	-0.228791383984329	-0.862174176130524	0.436821977163826
0.085122770675215	-0.168979394325272	-0.876446697448502	0.442765473741634
0.0541643508219219	-0.107287269537552	-0.886665933447949	0.44651896640355
0.022827982970047	-0.0453870314976395	-0.892542889409311	0.448091610198439
0.00895746417154049	-0.0163807989481265	0.89411248492994	-0.447453123303262
0.03952195413018	-0.0800658012073076	0.891234065631553	-0.444667654407893
0.0708209145440771	-0.141877831133917	0.884056813063898	-0.439657401133177
0.100974085280656	-0.204182084953154	0.872359325590627	-0.432554178503669
0.130946676492703	-0.265121863635526	0.85641208321174	-0.423227727195264
0.160054450768741	-0.325043020725866	0.836073535370072	-0.411959525827854
0.188341482998155	-0.383488918642712	0.81155775763422	-0.398544528357893
0.215642642488045	-0.440040947413363	0.782997386647904	-0.383115267044888
0.241455052556919	-0.495209414324662	0.749985650126608	-0.366044557619875
0.266201283412254	-0.547610095301405	0.713302201251266	-0.347073522360542
0.289456805371848	-0.597316873946661	0.673026905323576	-0.326285296378925
0.311255774833365	-0.644114674399424	0.629123620019226	-0.304038812637646
0.33132464250336	-0.687970526965455	0.581699604147961	-0.280260781828282
0.349728397876282	-0.727959390701351	0.531740457996254	-0.254984820211988
0.366035163553792	-0.765102597954507	0.47782024634572	-0.228744586444201
0.380537293046399	-0.798027137570043	0.421661368869614	-0.201359743508197
0.392945902271696	-0.826866431497913	0.363303716240929	-0.172904112488168
0.403375547389578	-0.85146354304946	0.302729660183703	-0.143710665821566
0.411584940516948	-0.871625812185949	0.240742833577451	-0.113618521165981
0.417556277631561	-0.887366921297231	0.176838114996246	-0.0833965411904083
0.421333672351513	-0.898440953302386	0.111892958874455	-0.0525524093282759
0.42296170123766	-0.904706301673525	0.0462420506194375	-0.0217158871075158
0.422149905018157	-0.906252741255798	-0.0203558115421843	0.00900375454857255
0.41918370899232	-0.902909822039997	-0.0862226066453363	0.0400566284455783
0.413950590534117	-0.894654094975987	-0.15265745717949	0.070247133084882
0.406455228988845	-0.881635379187684	-0.217727708952188	0.100537802575177
0.396814207703803	-0.863757464974797	-0.282173888181584	0.129766802739383
0.385054964120417	-0.841013935176144	-0.345541173081584	0.158207247467252
0.371205961704323	-0.813683497628225	-0.406924522826265	0.18584330067367
0.355371403946065	-0.781572452412784	-0.466720749199818	0.212196628515227
0.337600606216035	-0.745271627812986	-0.523694105785266	0.237361570236881
0.318075918640204	-0.704547302505555	-0.578206891951051	0.260993483852839
0.296680651100663	-0.659932550312285	-0.629427621706524	0.283355764602876
0.274026913364061	-0.610950265662824	-0.677808945606301	0.303684140011896
0.249531037331318	-0.558973277274233	-0.721952943317224	0.322594303014261
0.224044859930815	-0.503099956115839	-0.76258227527871	0.339356167360442
0.197256845962801	-0.444222735383941	-0.798929626209059	0.35421370732126
0.16934073404948	-0.383012145068239	-0.830628042176219	0.366991100808058
0.140455026643709	-0.319349799928139	-0.857736122719125	0.377593477908629
0.110848297371355	-0.25372700020857	-0.879925064062362	0.38609214699328
0.0810180343611608	-0.185793279875882	-0.897299369888968	0.392136170300671
0.0506894378933469	-0.116937240688689	-0.909405181088137	0.395902108148246
0.0204695181538781	-0.0463262648367554	-0.91626162601922	0.397365711527099
0.0102721607547229	-0.023869084076221	0.917654002971245	-0.396529797581016
0.0404758796448407	-0.0944664008887403	0.913647495503776	-0.393301482618336
0.0705223480745807	-0.164710407469881	0.904164607009554	-0.387793042129965
0.10005329610656	-0.234219623225363	0.889265365137714	-0.379917907449583
0.128619823979558	-0.303344205374746	0.868671846945436	-0.36993033975255
0.156404713490961	-0.369972964241847	0.84308665363998	-0.357578614827638
0.183398935240062	-0.434668177581336	0.812227087946975	-0.343097017702149
0.2089904290206	-0.497161875685478	0.776173501512499	-0.326661545781731
0.23333906225788	-0.556225774621659	0.73570684653384	-0.308060392836179
0.255847754320796	-0.612915238549148	0.689935807762936	-0.287863540813615
0.276813440510154	-0.665904021434504	0.639672012184898	-0.266018552393646
0.295955584863995	-0.714808734853908	0.585442404286572	-0.24231375451576
0.313143494782254	-0.759517937772822	0.527058082701367	-0.217447536973944
0.328316689565522	-0.799450620397435	0.465326860488555	-0.191200862463426
0.341471963471192	-0.834152585239129	0.401016412622611	-0.163622124143706
0.352098659615187	-0.864367057458547	0.332411155490951	-0.135642720345815
0.360605169995737	-0.888668835669542	0.262511172657411	-0.106393120605225
0.366601278237771	-0.907521474177728	0.189992914963231	-0.0768828261999415
0.370394102693829	-0.92038049457385	0.116206069701082	-0.0469478781443313
0.371584118057375	-0.927316593579609	0.041632527353909	-0.0166105733061583
0.37038010447302	-0.928155682613898	-0.0341454364183554	0.0134050816440548
0.366644687441923	-0.922914127093084	-0.109142196528951	0.043464561650397
0.360597775309128	-0.911407537190454	-0.184312596019578	0.0730370628041951
0.352088363295925	-0.893734714994549	-0.258615062817094	0.101932786331578
0.341241148127279	-0.869972568007913	-0.331337315659337	0.130068416574349
0.328061874150494	-0.840532231341049	-0.40134613499267	0.157487316099261
0.312865195584277	-0.804463857783927	-0.47061027436978	0.182973332945031
0.295504449767881	-0.763079237581689	-0.536033240050955	0.207498344329793
0.276161575692611	-0.716058059128383	-0.598232291736251	0.230464238423796
0.254979861704095	-0.664081405980206	-0.656222716717524	0.251700024673391
0.23198986372104	-0.607423092223748	-0.709697127997388	0.271197117750709
0.207726255191069	-0.545503824006923	-0.759002440960482	0.288427938165062
0.181813805705384	-0.48008020852081	-0.802600148030896	0.303808715843249
0.154779005497454	-0.410661420006102	-0.840834802163983	0.316855634391511
0.126576003687196	-0.338415882405435	-0.87296399640086	0.327699659466056
0.0979120908339757	-0.262880791398048	-0.899162170313773	0.335878405764766
0.0686132355118425	-0.184855328113216	-0.918934717886626	0.341584127036632
0.0387912156107806	-0.105521836414076	-0.931943819914794	0.344733375456831
0.00912408282563154	-0.0243685397537784	-0.938094799892429	0.345399872318509
0.0205405615024968	-0.0570915869313933	0.937179495056676	-0.343530537332756
0.0503205751120818	-0.13761530157278	0.929340237153714	-0.33890498978401
0.0791955318610662	-0.218210746559761	0.914356466998647	-0.331759535020211
0.107417634076772	-0.297536288567299	0.892244360686736	-0.322232229452087
0.134653525867364	-0.375303497867376	0.862989902401245	-0.31026463029725
0.160851741583595	-0.449438261351633	0.827418775905372	-0.295821121189817
0.185343380055569	-0.521770230121289	0.784482954274088	-0.279267171150053
0.208600160327228	-0.589272876408491	0.735762580568359	-0.260570288552066
0.229885090204423	-0.652878267042553	0.680727907487719	-0.239817283973879
0.249301315392125	-0.711632395876266	0.619834840040984	-0.217331448148972
0.266512629879677	-0.764941302612756	0.553612810805786	-0.193258059038778
0.281745131238591	-0.811901873201413	0.483146137269625	-0.16734646502638
0.294374576109548	-0.852808509340451	0.407781575922076	-0.140625181512241
0.30436176143721	-0.887048344569447	0.32826050809763	-0.112934456189986
0.31198272369597	-0.913628383735124	0.246757727082175	-0.0840272614930854
0.316849261078354	-0.933076160333991	0.161081056133085	-0.0550301565101115
0.319015022112303	-0.944427518546916	0.075079303615767	-0.0254789333876563
0.318427600235214	-0.947854406331175	-0.0126169975384811	0.0040864630346286
0.315056182805179	-0.943205991843581	-0.0998228461532821	0.0337262214375514
0.308925923700632	-0.930304653040532	-0.187470388481074	0.0628719304586798
0.30018871423121	-0.909118447679256	-0.274060476359528	0.0910013144688646
0.288956236599248	-0.879559591939334	-0.35913675218437	0.117898306978405
0.275126230415257	-0.842127405275051	-0.440900271522654	0.143992851188699
0.258732948144646	-0.796915352375455	-0.519184894469445	0.168612656842347
0.240397049806327	-0.743641427593371	-0.593792795061588	0.191355172765865
0.219664949871073	-0.684039141148077	-0.662347808070809	0.212445626736198
0.196989581607435	-0.617617201680072	-0.725348813613413	0.231545234277492
0.172890476642986	-0.544438084536867	-0.782402914475327	0.248076066182334
0.147042897086483	-0.466370970339602	-0.831916891764344	0.262279983296599
0.119996389857704	-0.383085767083673	-0.873966535033795	0.273913594259311
0.091945041296163	-0.295308546230684	-0.907942977898277	0.282804739686903
0.0631223457969704	-0.204771583137286	-0.933081892223898	0.288863896332523
0.0340447121755582	-0.110759294141489	-0.949381213635044	0.291973710342237
0.00462692797575217	-0.0158009489467135	-0.956196976976744	0.292260607626871
0.02439715629671	-0.0808251435066322	0.953429749047033	-0.28955791920422
0.0533204414124525	-0.176324544164943	0.941000528714973	-0.283874251404995
0.0812344037750288	-0.271082345421528	0.918766498423781	-0.275287949278901
0.108121838651906	-0.363806935594906	0.88668336201548	-0.264096189189661
0.134040750078697	-0.452373977529375	0.845535083824712	-0.249922555592988
0.157902151959578	-0.538202742759061	0.794299635789821	-0.233436943685688
0.180206225547996	-0.617406031622703	0.73510542960989	-0.214372376363444
0.200219583446032	-0.691519085719109	0.666614704676187	-0.193231229361052
0.217928321236472	-0.758134699110057	0.590594713971321	-0.170108520178997
0.233288327689965	-0.816248209836071	0.508236495910504	-0.144951993182713
0.245655530120923	-0.866402364531166	0.418197164382824	-0.118791560971213
0.255176601131624	-0.906714207040427	0.323163888145707	-0.091210472997957
0.26166312984956	-0.936657119236787	0.224167372449041	-0.0628874915199247
0.265037794134334	-0.955898265296883	0.121937385415693	-0.0338341265706726
0.265479366771109	-0.963975009662912	0.015634399683096	-0.00533405200093911
0.262427057098167	-0.960579372049049	-0.0884804483674409	0.0243006163161896
0.25620343828202	-0.945418311944417	-0.194356888531472	0.0526252176528039
0.247034561414295	-0.918401923590705	-0.298501149010468	0.0800555822611413
0.234762406391067	-0.879705530335491	-0.399589238815135	0.106457656679871
0.219671078282297	-0.829376296738031	-0.496701149601945	0.131024973800829
0.201654756482117	-0.768752959860741	-0.586995821175319	0.154240564755844
0.181316636560888	-0.696665543588941	-0.671746894722951	0.174749841522802
0.158807418256353	-0.614884276237743	-0.747984290055811	0.192917165052891
0.134172640578859	-0.524549744253607	-0.814497178193105	0.208421724009377
0.108051917746174	-0.426401052521453	-0.870480874581726	0.220839245758999
0.0807768989142124	-0.31996940416365	-0.915543922444889	0.229943469303194
0.0521802130515445	-0.210497515068852	-0.947229029116493	0.236061830702804
0.0233852078604699	-0.0956761788631062	-0.966125457671509	0.23853888758543
0.00529486639226694	-0.0221163590666953	0.971110400452255	-0.237544566734289
0.0340448837816106	-0.139554837707929	0.961810544341695	-0.232993283065719
0.0618598904706945	-0.25643973958009	0.93796594766672	-0.225015321551049
0.0882932606829036	-0.37097371092252	0.899404958423298	-0.213666859119381
0.113066214402348	-0.480669051798023	0.846476540668359	-0.199124985630731
0.135945349692831	-0.58397729842887	0.779433007140124	-0.181586244515149
0.156436486363114	-0.67826894312582	0.699644019791709	-0.161174166959365
0.173980977414841	-0.762978086231843	0.606959873206668	-0.1385451974798
0.188508174490451	-0.835552648589013	0.503397662245477	-0.113610004981748
0.199691299534786	-0.894746670506799	0.389832764988212	-0.0870758051857834
0.207246631000006	-0.938696980175101	0.269061650457182	-0.0591831192364052
0.211001399105918	-0.9666991243817	0.141527379519234	-0.0306792004690113
0.210830646449555	-0.977475915490452	0.00930366071279897	-0.00217141684298183
0.206711454557042	-0.970199419257139	-0.123634742903127	0.0264180198973987
0.198804266685786	-0.944481868820444	-0.255942837959244	0.0540751950004533
0.187140314406993	-0.899848255963122	-0.385788042324551	0.0801199436043894
0.17184211370588	-0.837120541830025	-0.508716567062143	0.104436300201649
0.153210490918456	-0.756856478320593	-0.622636435902633	0.126564945317186
0.131643327847551	-0.659148530238709	-0.726006446126517	0.145285544704612
0.107666116384404	-0.546366410650187	-0.814871466629943	0.16086095103628
0.0814568413833279	-0.420319745832147	-0.887057954784902	0.172697073247572
0.054194371450789	-0.281726725891682	-0.940831728223663	0.180357093536914
0.0258338608413406	-0.135469558155171	-0.973235064757973	0.183831768671299
0.00284999299223954	-0.0155229313880856	0.983003206511655	-0.182908753559993
0.0309799700080333	-0.168685637558182	0.969060440842243	-0.177502842609716
0.05779514777652	-0.320370049311999	0.930529943416801	-0.167740206277573
0.0827637274750191	-0.465850663326376	0.867473681223044	-0.153696900678434
0.104889435292213	-0.602484847411592	0.779447533257828	-0.135910845416388
0.123906647645182	-0.723953041764	0.668883460561579	-0.114603892504361
0.138987557462919	-0.827138204341292	0.53699579708365	-0.0903347314384149
0.149670253764024	-0.907491094719293	0.387279520328681	-0.0638224198646315
0.155519559874638	-0.961795703786256	0.222434920032802	-0.0358524340136124
0.156290566033915	-0.986586616719123	0.0465006677150853	-0.00760227476252933
0.151789411212031	-0.979140488039047	-0.133473068660737	0.0207079518264884
0.14219521848265	-0.937712898495309	-0.313390190234247	0.0475565821011085
0.127678956057458	-0.861574973040211	-0.486000612526711	0.0720420338031789
0.108629067259369	-0.751059764448125	-0.644540627338384	0.0931468501009512
0.0857808888544978	-0.608211730070998	-0.781409671972457	0.110086579832754
0.0599528836782249	-0.436325553189345	-0.889457004172995	0.122032377262255
0.0321028168352337	-0.24085255061956	-0.961515648444268	0.128246309140241
0.00366762229582657	-0.0283925157049555	-0.991324592304053	0.128280810302409
0.0241103710070544	-0.191442326406328	0.973582711511059	-0.122086975213609
0.0496323334928472	-0.409878125984103	0.904160137228823	-0.109685913216655
0.0715948962822137	-0.611827316244958	0.782418140891249	-0.0914514009029575
0.0883461733081906	-0.785404899132361	0.608806693962125	-0.068472676795874
0.098745570722049	-0.914774197997148	0.389462424701176	-0.0419106035190589
0.101482728815467	-0.98590627782324	0.132302073307437	-0.0136465563218277
0.0963548932116429	-0.984250662336951	-0.147513244824669	0.0143600433405666
0.0831734313533127	-0.898704149611729	-0.428760279168773	0.0397197028525064
0.0626743681481646	-0.722293976525292	-0.686151951383783	0.0596559692297048
0.0369706689415718	-0.454230886691331	-0.887225811673448	0.0716786601019492
0.00820750615107802	-0.11071431615469	-0.991080512998569	0.0737183409720585
0.0189924823348728	-0.281589741460233	0.957187216486872	-0.0643361151549571
0.0394715454989593	-0.666914630663337	0.742790162011261	-0.0439277557176856
0.0473578744755716	-0.94639294998321	0.319128106368526	-0.0159645755619345
0.0369102656805799	-0.952510798345512	-0.30203256321256	0.0117107677731169
0.00751263883993804	-0.33866707607294	-0.940641309696679	0.0210261345468671
