248.730864964609	85.5602212571739	359.892437918492
321.343327808592	84.2754645388556	0.0547363258832263
20.2403398887906	83.2185407278539	0.0398543996906824
71.2042831674864	82.3117151426429	0.00468075801481405
116.739807816795	81.5066401240351	359.958547234438
158.348221943499	80.7488991714432	359.966848150635
196.877356836955	80.0654347869558	359.951089642424
232.95940805822	79.4230916075765	359.985228983521
267.020835336654	78.8224724654811	359.977169055843
299.279262323696	78.2412160515146	359.943931889766
330.12917345081	77.6906004217	0.0693320719653059
359.547534839756	77.1619102516372	359.99458842753
27.9488232694947	76.6652218936773	0.0240872832760886
55.3125714959571	76.1686434969672	0.0340798512522156
81.6961037274714	75.7095192448227	0.0239639369805786
107.323789620801	75.2520866458259	0.00819466659589807
132.148614862604	74.8057855110068	359.990041752523
156.30718941017	74.3715575416865	359.976627000765
179.851562768475	73.9580815402717	0.000161843015547447
202.755076020025	73.5396884026114	359.94920277325
225.164768703241	73.1505496267321	359.993837478748
247.058388688235	72.7495560194944	359.970446875415
268.440871941996	72.3619041950738	0.0686838315998557
289.48209148256	71.9951887095293	0.0110085661532366
310.031113077312	71.6331519977741	359.955590931395
330.277532028921	71.2775353495214	0.109812258430026
350.06648840409	70.9130303841797	0.0460480403580448
9.51617992826809	70.5769112588747	0.0325534084788899
28.6329555789537	70.22985197094	359.996238241334
47.4715294906634	69.9019249072134	359.976664355773
65.9542015853971	69.5581551826145	359.861628844645
84.2716793209305	69.2332983168075	0.0177478443752079
102.241926878209	68.9187358003916	0.0601345684424075
119.968178648996	68.6068449110869	359.998725724107
137.410342143032	68.2948110318854	0.0138096762498492
154.655852260198	67.9791871070751	0.0197390049748378
171.699522069633	67.6802614615634	0.0378641115594291
188.437582410084	67.3842430208224	359.994494987338
205.011611411775	67.0926348622316	359.858705641585
221.484540166943	66.7830919273631	359.94519839138
237.639110801788	66.5005975390695	0.0307229961767348
253.637176374035	66.2136049884155	0.00639745162692407
269.496529945985	65.9310918135338	0.0064130121888013
285.14513647	65.662384236472	359.983108952134
300.629170853791	65.3800403735263	359.954386135338
315.982852827507	65.1117505415888	359.988824245308
331.152685312449	64.8342273365601	359.979689304061
346.159768696147	64.570933960504	0.0343291715455223
1.02669536072071	64.2939589109162	359.993912196083
15.7636970418338	64.0435118787992	359.984727492062
30.3944578630003	63.7760205228982	0.0192679433168337
44.8155340608682	63.5164001430924	359.960337169261
59.1592853837225	63.2676041967576	359.999066977461
73.3540423618234	63.0126835227691	359.946375659617
87.4565271819129	62.7595013823889	359.951301562715
101.412266920066	62.5110267258262	359.984857609721
115.288939386348	62.26001988734	0.0152029415031905
129.042212629231	62.0175637846092	0.0529181810622674
142.638110414491	61.774931966321	359.97425871464
156.186491312582	61.5440103931814	359.998855535283
169.59420475943	61.2896541240018	359.998945779402
182.889187600942	61.0527056328821	359.979978314492
196.124024334173	60.8263349860725	359.972170017036
209.25690854437	60.5895851600696	359.977864152044
222.255853989208	60.3523478572206	359.982905607194
235.190040506837	60.1337496597055	359.992057942157
248.034209411957	59.8980936920158	359.962337400147
260.803875568592	59.6729240051149	359.950282212652
273.487275379823	59.4450628643771	359.952565020608
286.053511069857	59.2199629253032	0.00505072312827792
298.590618707616	58.9906294833207	0.036974042204406
310.992648045531	58.7779753997817	0.0269172666342286
323.35217059577	58.5496521217048	0.0106763941271879
335.60286367228	58.3376591646979	359.981627637826
347.790330129593	58.1191678493872	359.976984638796
359.922548683751	57.902933257092	359.972442700927
11.9562190448263	57.6914710486628	359.976333445642
23.9533697920369	57.476077149489	0.011229539090067
35.8443363836919	57.270234323402	0.0322799154223787
47.6821701574219	57.0533587937864	0.0334312016946114
59.4497723340209	56.8448295334625	359.956584410867
71.1568562096295	56.6356339843735	0.0510950198755324
82.801202327167	56.4247454690216	0.00358070649932074
94.3624621491509	56.2168385225335	359.978648923758
105.890644841813	56.0115436507354	359.99211425356
117.335664738273	55.8057248659176	0.0145076158482311
128.741806616446	55.6041077969799	359.958279306166
140.059827214587	55.4129559310799	359.993138747835
151.354203694692	55.1985898710341	0.0193894756393149
162.582246823335	55.0104781625806	0.0251421740538831
173.72662294624	54.7990395978532	359.973159177441
184.843545373622	54.6054264521269	359.948405842477
195.898977824666	54.4140748131876	359.973204373416
206.887078860265	54.2111242850507	359.986045308834
217.846879994049	54.0195104466216	359.995898886846
228.754682799492	53.814969290229	359.999746825898
239.61791714273	53.6322659665101	359.943485644338
250.417021519686	53.4287822238874	0.0262543540329432
261.170092851549	53.2410681694046	0.0242659187936738
271.853636221027	53.0573273761486	0.0324769568929355
282.508933067146	52.867777460711	0.00947533676568924
293.128447417889	52.6793611315791	0.0514368131968297
303.70751151938	52.491124298951	0.0351986755649705
314.213477817675	52.3050988314712	0.0327788676300429
324.685354372813	52.1136586281267	359.975243802214
335.126348519003	51.9297559913841	359.970980077159
345.493055510957	51.7411303011751	0.00400598743385672
355.849262978454	51.5508388509577	359.980921248593
6.171235400952	51.3698682692249	359.999181742988
16.424629858396	51.1943790594052	359.953398720455
26.6356624653575	50.9977514252848	359.981994332017
36.8365110145431	50.8221134385895	0.00788825061050602
46.9605925617214	50.6526175040301	0.0152918317554338
57.0616805724469	50.4642538501921	0.00572613484038698
67.133024091674	50.281972874937	0.0536518634436902
77.1798068524601	50.1135640539202	0.00912947581863932
87.1719755440019	49.9349566916204	0.035242390137995
97.1274047630299	49.7511431927015	359.996810152281
107.01005955494	49.5736860298163	0.048219225937487
116.914220869374	49.3974150405464	359.993118679995
126.762300378438	49.2193782751231	359.982697958279
136.579606044691	49.0464676732267	0.0249844930446841
146.352054115633	48.8785084036892	359.966729194345
156.099142169425	48.7019943131682	359.981276942931
165.797213447269	48.5296705567456	359.962175197031
175.479569622259	48.3555025359385	0.0164380672007951
185.121678396355	48.1790261094256	0.00691854910624556
194.729496618341	48.0101637036873	0.0413801914857856
204.302950826966	47.8285076141311	359.961193253729
213.861726195216	47.6672875149823	0.0162096695277114
223.380319990173	47.5027974152074	359.997242896194
232.860026603551	47.3373138285164	359.975667788026
242.316267348482	47.1637278167853	3.96629909005242e-05
251.748440394901	46.9938175891872	359.976259000378
261.132988472762	46.822796645875	359.98648574805
270.515131428439	46.6501620388674	0.00751353690475298
279.845597168649	46.4962931111624	359.989260982823
289.163045899629	46.3259867067695	0.00504168303285724
298.446351925827	46.1677558863398	359.964095330993
307.695163994351	45.9895703773242	359.988590922364
316.942836829435	45.8350104564982	359.99476576751
326.131124531075	45.6706816704029	359.986717983126
335.296747808757	45.5048984132858	359.971841136614
344.434677148137	45.3452904538668	359.991188279165
353.57881187987	45.1715649654702	0.0208830499296369
2.65512041730869	45.014871514403	0.0311418422197391
11.7229493039327	44.8614133021286	359.996832668724
20.7595273248704	44.699443045728	359.974027323993
29.806082811758	44.533920867875	0.000615711526847917
38.7760856785676	44.3718233062597	359.985722861681
47.7572994512206	44.2081980159941	359.91211605036
56.695778450369	44.0503852410993	0.0175629555502326
65.6092413382017	43.8945216051209	0.0278211502065915
74.5191315249415	43.7385499131817	0.0366504931637053
83.3757824541499	43.5734817223882	0.0218123617441108
92.2512288733103	43.4218520107804	0.0313647267172712
101.064108467373	43.2643196409119	0.0079479126635249
109.856466118225	43.1048729045197	359.973600821439
118.654351715826	42.9438693319988	359.997495512082
127.407480287182	42.7927186668412	359.980227335909
136.140449401069	42.6370082957174	0.0484476860979441
144.86878885137	42.4830059547183	359.978024815708
153.55982871854	42.3214548768938	359.969500528556
162.229382307134	42.1615042014024	359.998852959338
170.869110846341	42.0263622466592	0.00966545996251966
179.505559358187	41.8610064708644	0.058345722304324
188.108184874901	41.714141725844	359.998107596754
196.709554665232	41.5520922447133	0.0384775784175986
205.280933386726	41.3998140176075	359.958244407752
213.807387115739	41.2406022335617	0.0114065817243443
222.347350913474	41.0828693287779	359.934546763375
230.851470549513	40.9482626912118	0.028144916060171
239.361419835117	40.7882335034483	0.01903767654386
247.823428489948	40.650844842917	359.994387923819
256.261557151646	40.4948973561523	359.98061318041
264.703687451905	40.3495729648171	359.927553642585
273.111092191319	40.1915443434402	359.996542239026
281.494290384361	40.0354309847074	0.0131363127537441
289.894622953183	39.8941011399408	0.00904614874548315
298.237555627702	39.74322444311	359.974041054587
306.588135869743	39.6035390900443	359.965975185345
314.88997985234	39.4535700452224	0.0170691114293504
323.22095641839	39.3005039157841	359.945897267403
331.499164856704	39.145884532159	0.0490736851052134
339.751937177108	39.0110599307445	0.032267393591269
348.020023983939	38.8634974088972	359.95544377843
356.256848830755	38.706148635659	0.00846360843451066
4.48722725433582	38.5638426613423	359.972192838453
12.6808697313415	38.4212814750148	0.00106837743120991
20.8696358226975	38.2748275645626	0.0191244340488481
29.0457389341672	38.1282473172631	359.974014143991
37.1709526971371	37.9818601272976	0.0112290952134515
45.3152742575577	37.8368663638304	359.989500085131
53.4515487588895	37.6886246111289	359.968593327743
61.5425928915796	37.5439639255361	359.998723253469
69.6329675644664	37.3968217332875	359.971760681092
77.7023920374643	37.258663900802	0.00154244616638266
85.7523983523901	37.1096121094655	0.0420386811274227
93.8098630956285	36.9710901629362	359.937709686024
101.834827308426	36.8231483532934	359.997725021925
109.830944208082	36.6792010766633	359.958081117686
117.836850823056	36.5514167542989	359.974885279432
125.81930049256	36.3988973031843	0.0109388140398607
133.786054523976	36.2556488738032	0.000123124130368524
141.73818644123	36.1135356870424	359.988356621518
149.68508802367	35.9727098578806	0.00965538797174759
157.618086151508	35.8314478735855	0.00795826786759335
165.521802087303	35.6945245721835	0.0804602257531712
173.431717522456	35.5595848271647	359.984449850792
181.280627995208	35.388532437269	359.827704509515
189.175343918707	35.27144532426	359.947865449658
197.019097329725	35.1342309770429	359.990915816825
204.882527907691	34.9816887773605	0.0310027995984399
212.703298978872	34.8519800807617	359.975642420453
220.505864539769	34.7058331861691	359.96139602221
228.314320543607	34.5660556117998	0.040207624814002
236.117038149636	34.4350647055519	359.990438970465
243.888199184145	34.3085016740648	359.910457336581
251.656993642676	34.1510959409925	0.0140389653188322
259.415051671557	34.0106291544601	359.986746905144
267.130099658793	33.8833186908281	359.966245979383
274.856900235234	33.7391524540431	359.97641181061
282.591005179802	33.6094766458585	0.0287395585326919
290.286889491921	33.469189032133	0.00231385588122635
297.966542490784	33.327740034407	359.967040944578
305.646925241225	33.1911884275186	359.952722001788
313.312396770607	33.0526833316648	0.0603547701317098
320.978016552482	32.9132530518977	0.00109216619208041
328.609810953827	32.7758701270719	0.00531893745798584
336.249571852549	32.6424324445129	0.0487692168428282
343.86957691416	32.5077301188528	0.0389493604070879
351.461324614125	32.3779966833505	359.965481247407
359.053963359439	32.2389446513817	0.0642771213266258
6.65670837980558	32.1097861799159	0.00704200396504007
14.2220409747924	31.9756861397312	0.0303541463974568
21.7822043337603	31.8348402243036	359.984977412174
29.3273786849586	31.702702076068	0.050833499619614
36.8686400890209	31.5642089157181	0.0136217486687542
44.4111259516143	31.4354167645932	359.96492347263
51.9363996525992	31.309079123637	359.955179971005
59.4258613099122	31.1615367215751	0.0230765094012497
66.9273502763342	31.0266633246401	0.00416641581682597
74.4102069719772	30.8945976122766	359.967320938305
81.880598335439	30.7653599580086	359.99812178656
89.3504874167527	30.6242274144646	359.945155897541
96.8024041719063	30.4991455900075	0.00883732432896522
104.25740575868	30.3636957923417	359.93838438379
111.688268890156	30.2339843138483	359.947304113418
119.108094966406	30.1039963998617	359.947524928714
126.52744743371	29.9674301112073	359.986645823003
133.94013514147	29.8324671830924	0.0193559947548749
141.321034433345	29.7078872118314	0.0032133782660253
148.728634864395	29.5713598585386	0.0196990588347319
156.083748890187	29.4335656129239	0.0232140036179089
163.450527408474	29.3147316473653	0.0118568649201052
170.811083879718	29.1815437212604	0.0206470663642619
178.134083146361	28.9722352321494	359.441327686355
185.498186852611	28.9215366404146	0.0482790811911116
192.838171449175	28.7747195368286	359.997872254074
200.139324757913	28.6542471675353	359.932231228137
207.457581034242	28.5171597561533	0.00119067959860786
214.773841815485	28.3843988752013	359.924429559262
222.065312193234	28.25575191074	0.00603613439614037
229.327192449818	28.1403351014582	0.0283550700432897
236.619982668771	28.0106533891606	0.0171314106360398
243.889837336254	27.8807124525074	359.92926496228
251.138573121079	27.749558992639	0.0416949400485009
258.382486101116	27.6169377329473	0.0470917896220442
265.622705767827	27.4807941252132	359.997636536041
272.841224898318	27.3853254066005	0.113917004371984
280.08131287811	27.2184164692648	359.991636660945
287.299504250755	27.0998139490609	0.00439342118511377
294.501531901914	26.971052986201	359.984870460368
301.697586984212	26.8488742040549	0.00880659741403633
308.898937094746	26.7180101837493	359.937092481511
316.082547669342	26.5841406797893	359.998544565591
323.270158735207	26.458556069143	0.0610733136865349
330.424472739462	26.3311648791207	0.056341101589652
337.585179164803	26.2061515250163	359.971720600962
344.738621924463	26.0773890897332	359.975271487358
351.878900554205	25.9498501928771	359.941669733538
359.006659384261	25.8288830185109	0.0317938916397225
6.13413105728335	25.6959103269319	359.988408478681
13.2680590330002	25.5646753074542	0.0137640969924178
20.3676307750086	25.4329821621513	0.00980697010697895
27.4851648182641	25.3135314198071	359.991585744775
34.5730617881773	25.1840122915709	359.931781573815
41.6585476207728	25.0588803457389	0.0451432046422156
48.7495141989667	24.9386442514229	0.00571973630096068
55.8256189085021	24.8016368009788	0.00339416892535382
62.90271115558	24.6888123099464	359.953932703478
69.9596584325718	24.5443214078552	0.0285333738874556
77.0104992588185	24.4359660902848	0.0164425844432401
84.0525291816375	24.3055064477619	0.0190819314260864
91.0970073092473	24.1780646344919	359.996741320082
98.1293776864039	24.0539032361892	0.0341408567623205
105.168609032678	23.9290135779446	0.0450995820338278
112.169931691261	23.8065296788242	0.0133026361474435
119.196351788528	23.6698105521588	0.083384181377852
126.197929079882	23.551443060476	0.0519077135301984
133.194061225623	23.433341220231	0.0374077641191661
140.198603315427	23.3022269646293	359.939218206894
147.172086886026	23.1802481187827	0.00657071898208983
154.156768265981	23.0492921171356	0.0568437440992966
161.122597736664	22.9340610986503	359.968046565558
168.100309437092	22.8035431622181	0.0392991224197203
175.066032650589	22.6757353335665	359.985163484766
182.02150628014	22.5625217565756	0.00802293605212867
188.965441474098	22.437219187194	359.958532563288
195.903458243045	22.3059636857451	359.993840469586
202.842466768602	22.1950336635798	359.980753379799
209.77697769705	22.0582065753566	359.990762400257
216.695191210219	21.949289049999	0.0137974848934448
223.608776937811	21.8265987530182	0.0581501296622093
230.527804445589	21.6924314171595	359.96047195757
237.429227945589	21.5757651175814	0.0270157778967075
244.331917951963	21.4488347952592	359.967896800947
251.234153745731	21.3373589875282	359.907251459198
258.106737497246	21.200116827306	359.968668269768
264.987753712033	21.0788550200784	0.00134972035800729
271.86875946919	20.9531598434573	359.98864211656
278.73927091728	20.8267397652393	359.984315776691
285.601226741497	20.7154278607766	359.997228754845
292.468310225541	20.5863942483551	0.0387303646629107
299.332998515065	20.4727502446079	0.000540828223847711
306.169439607327	20.352389757461	0.00477316018270812
313.032382580241	20.2145708265711	0.0991323470104248
319.852264821963	20.0992512628988	0.0484937575441506
326.698130610583	19.9808039745047	359.999184190902
333.519162667305	19.8651342156932	359.985336280056
340.339065079795	19.735744409178	359.990274622477
347.157026093932	19.6185974492617	359.973163170994
353.980330608942	19.4933556182793	0.0479457623243036
0.776494567301967	19.3750110030513	0.0245389287281625
7.58453246511684	19.2521486433236	359.983224538313
14.3864505730322	19.1296713347014	359.945285192562
21.1606005450451	19.0190991635189	0.0682932583216882
27.9598852990255	18.8880852456671	0.0218495408508375
34.7467634378895	18.759409668361	0.00702693357149542
41.515372636769	18.6508232971358	359.963273331393
48.2964887553804	18.5179034522907	0.0233835883571203
55.001093915844	18.4154523805194	0.499915730820391
61.8250172035285	18.290068433302	0.025206544371656
68.5815213932098	18.141622874205	359.965157099814
75.3460486685903	18.0312386431737	359.957746249295
82.0928477531948	17.9203870346409	0.0505981942177129
88.8514541264148	17.7827950523738	359.782095279342
95.5737439811292	17.6796822415886	359.877869717345
102.309737728902	17.5615968582326	0.0215017606766139
109.042453201418	17.4354640504192	0.0366559077571083
115.759495479824	17.3247648381368	0.0104200009307078
122.483967088447	17.2061346777785	359.992768494592
129.203090812173	17.0886267221129	0.0262903624166881
135.908000790937	16.9687181679982	0.0117428591631494
142.621154884032	16.8431403846437	0.00816895201612056
149.324201630655	16.7267307478938	359.977577979866
156.033113880185	16.6005248250605	0.0143671761033204
162.728907136748	16.4880495062719	0.0482680891512075
169.419273757993	16.352701492819	359.954441557793
176.11107272339	16.2367213908989	359.974503437463
182.795850749249	16.1300216224656	359.976127035093
189.471797545818	15.9981721364879	0.0269009272495566
196.154855602673	15.88913910563	0.000130067897686104
202.816620612056	15.7667322074054	359.964842224702
209.501277538222	15.6500560120241	359.986061756935
216.163938676172	15.5290134961131	359.960652749505
222.815190524314	15.4072402547371	0.0344226465946633
229.481198414409	15.29454025656	0.0173203894498499
236.128765245976	15.1657384333128	359.922615542167
242.776884058615	15.0508934319405	0.0295497270984981
249.424629069563	14.9372081267446	0.0305914981683486
256.067893599087	14.8226351565025	359.992647306908
262.708398444748	14.7030085515609	0.0224168347958482
269.333052943379	14.5892090352999	0.0988968388774083
275.970531562164	14.4654373256847	0.0423095271663101
282.5934605981	14.3391112938929	0.0485489481109767
289.237707275655	14.2167219638935	359.939683232607
295.860866555653	14.1043913881893	359.949826458036
302.476424460507	13.9939640535654	359.963024640148
309.068396040396	13.8658039810512	0.00939999185479223
315.693767325379	13.7556854243926	359.95678412121
322.29516906936	13.6454986852687	359.989647145195
328.909337059809	13.5250540238279	0.0439449685287912
335.497889302818	13.4021717102992	359.995551654449
342.102283368369	13.2871646836218	359.981847155977
348.7012193769	13.1647408636993	359.913967247998
355.288756106741	13.0536474327	0.0260263134078116
1.87008510364527	12.9296368694816	0.0374038853745162
8.46692800541952	12.8181953027707	0.0516527489633347
15.0515200214644	12.6992484868719	359.961950248062
21.6294858141794	12.5690928544327	359.927172353476
28.2022339291916	12.4603769425293	0.00758679456640721
34.7625617661996	12.3469372882288	359.982119152223
41.339441425127	12.2247002695657	0.0165877116093043
47.9030311301144	12.1196829495258	359.992041579007
54.4725635120606	12.0026785663811	0.00581857900951377
61.0247965026886	11.8723953458884	359.97134489305
67.5990890171214	11.7682191649169	0.0172055928400994
74.1505838532751	11.6327583790956	0.0328635446086878
80.7031785219657	11.5375856989836	0.0356360778603175
87.2504822640294	11.407071088284	0.0283952085006263
93.7912344014447	11.2916073996864	359.984342872635
100.346650442563	11.1752587446429	359.987370061818
106.873650383455	11.0599142788275	0.0379455947993108
113.421475045571	10.938980786063	0.0204137674074047
119.967225366174	10.8198508646042	359.959905347485
126.497533849801	10.7112340915502	359.962362200776
133.028517209927	10.5895232168007	359.989565625827
139.551636447255	10.4806427582342	359.998965571081
146.082433326345	10.3595135026651	359.959579699796
152.604843324372	10.2458945658043	359.988043393878
159.126908871912	10.1232243362819	0.0410342939282771
165.66181524734	10.0148392624363	0.0147279979783832
172.167382141319	9.88774590653036	359.995950893929
178.6824852793	9.7791214427216	359.99621815727
185.198775152868	9.65930027226545	0.0703027014484405
191.703139398539	9.54319477945509	359.959305573811
198.216451306596	9.42419497647927	0.0283219212188328
204.722577693826	9.32053233127783	359.994646223295
211.241666554458	9.19587332999095	359.956871744789
217.725686412605	9.07921576774493	359.99008091576
224.237319443316	8.9710616075176	0.0245893676986668
230.728596532327	8.85342545382211	0.0342705519187803
237.228186521328	8.73838845401856	359.966398448796
243.727052576472	8.61992376888713	0.025193840655561
250.223300697788	8.49709852421728	359.945454228596
256.702029703858	8.38216481053553	0.083820907933756
263.188324459316	8.27641624455794	359.997985083301
269.673033144187	8.1589098627376	0.0672884869332506
276.167354148787	8.03946324700372	359.998420052464
282.638962677195	7.91931888762358	359.988962419574
289.11958630134	7.80949861329805	0.0295597810654442
295.595239739125	7.69725905653114	359.985169869847
302.082530520681	7.57919094035019	0.054433073503219
308.544991978003	7.46536611828704	0.0263486351235827
315.038258791753	7.34947858191771	359.967783812442
321.5034481413	7.22877811115696	359.977469313716
327.964329204789	7.12087696803236	0.0339430650072359
334.430422606722	7.0016571699792	0.0136648445527499
340.901431134102	6.88268707974242	0.0219608004745737
347.381452706908	6.76399479378965	359.947151407235
353.842554039705	6.65014977328126	0.0671022543439221
0.304534045094229	6.54010801185275	0.0320638401404949
6.7646315256799	6.42286581617356	359.969076739734
13.2210287076336	6.3164087291397	0.067938101927524
19.6748797410202	6.19622096851232	359.997133499308
26.1237571998599	6.08636051875277	0.00671046574646539
32.5799300476456	5.9610781769676	359.990297253356
39.0362668086646	5.84512930016665	0.00402626321431399
45.5026503577903	5.72705970208072	359.998380847422
51.9412033705433	5.61216021879613	359.965436190551
58.396232055612	5.50308998481084	0.0540748383203038
64.821372609292	5.39276426148672	0.13980606834167
71.2990979634214	5.27251609619377	359.939359966191
77.7487107840465	5.16336451795394	359.99017431874
84.1811884147909	5.0361827770725	359.9781205205
90.6289377567819	4.93387950517644	359.97647802655
97.0800694756853	4.80908125951744	359.976380305732
103.524287151638	4.70103384160575	359.93624071905
109.957230183279	4.57825790311317	0.0609306403260916
116.387649007001	4.46566049413823	359.991544588321
122.827208842531	4.36301644608399	359.994050285524
129.268529570825	4.23254879666189	359.987898512745
135.710593137712	4.10272831459788	0.227194119412587
142.138654387413	4.00792708441564	0.0242315958052757
148.579620767522	3.89598341516407	0.0218272209358474
155.004401592195	3.77704712946283	0.0354638067368569
161.452976697302	3.67043734516587	359.998996975163
167.882979641219	3.55463127804289	0.021366952733672
174.304318475165	3.44361977738571	359.977942252904
180.745102425267	3.32251599360276	359.992446689628
187.169398226673	3.20921581784837	359.990022848537
193.603343008677	3.09507989823538	0.0227107087558238
200.031824835082	2.9739840058371	0.0384621726311138
206.4659000664	2.86048285966157	0.0321971498432845
212.887333239012	2.75184236766985	359.997995809718
219.302028775393	2.63739122668257	359.985597408069
225.742606510516	2.51435641472231	359.973244794051
232.161508201133	2.40736308160834	359.97184201263
238.587145118178	2.28864654406269	359.943321569353
245.002814980961	2.17528329136631	0.0145578175333299
251.446360333853	2.05799635625853	0.0460435920909674
257.859842295536	1.9409842686477	359.940917823038
264.281223662342	1.83239224487872	0.0316832204508444
270.701897330039	1.72682117966106	0.0305857215533933
277.131616228647	1.60992325502328	359.996381760725
283.552721877702	1.48246587404283	359.987234522045
289.97275144468	1.37552876621572	359.997944343402
296.388506121419	1.26004897388782	359.988233884306
302.819740950752	1.13594217311508	359.99602316223
309.223780792955	1.03086261406332	0.0308365766508416
315.660243129243	0.917182865292475	0.023370532057811
322.077074710932	0.802829242035557	0.062571486707327
328.501841108795	0.692064056106744	359.988168329626
334.91522985752	0.561123135058651	0.00862532452478604
341.329665372995	0.459112570518641	359.980977315779
347.755282284951	0.345569229509138	359.989993105938
354.180217237004	0.23060943610318	359.911402525752
0.585109122816036	0.117415801670077	359.94977209682
7.01553880314434	0.00237274931187414	0.0349027703479692
13.4340859807478	-0.114081262991675	0.030059099839491
19.8503213378045	-0.223311209784484	0.00386787657456011
26.2814994346431	-0.346214466028599	359.994978365693
32.6980119861317	-0.455647458351876	359.97761221893
39.1057866882294	-0.56926486986309	359.977098191497
45.5281551090036	-0.68780704934511	359.980706411053
51.9591882234461	-0.798564008443179	359.989400850074
58.3728761132645	-0.917024528608707	359.956060123909
64.7941258409163	-1.03438531909009	0.029697205795344
71.2101049847002	-1.14413500698542	359.968273864374
77.6456592770362	-1.26146544699327	359.987125000721
84.0481491058554	-1.38433413607503	359.999336820359
90.4790734166006	-1.4871795564797	359.978679125319
96.8928485754985	-1.60355116247776	359.979523917982
103.331470178321	-1.71825804207167	0.0307527675558674
109.752714689072	-1.84446567000664	359.950145488419
116.162376161333	-1.94951242293112	0.0870012587013491
122.592766736723	-2.06341441257912	359.946901202506
129.023956830537	-2.16880098541677	359.999982137689
135.439789900024	-2.28595280857675	359.981669823167
141.868022951562	-2.41184355557058	359.978472834728
148.290766714442	-2.5172851335014	0.00292751566070137
154.705050464389	-2.63257814739603	359.968952958116
161.138015246402	-2.7526427221547	359.973211039748
167.560969268737	-2.85961244592995	0.0172668924568598
173.996627928543	-2.98135146042968	0.0191154942191645
180.423378815352	-3.09006054616864	0.00429029437205486
186.863821725309	-3.20926722128944	359.978914209701
193.288396414678	-3.32492217632888	0.0362093048849772
199.726416163148	-3.43722316289229	359.989362017125
206.153918971775	-3.55499931044248	0.0332779273118717
212.586661710084	-3.6686421804157	0.0824918845069931
219.014311440969	-3.78416900606683	0.0242678257773434
225.450846837868	-3.89251195976279	0.0356746123971732
231.889941208696	-4.00790832925487	359.997378985609
238.327028251478	-4.11621219481465	359.984309873514
244.755944354517	-4.24474540176196	0.0260998712972764
251.196703682348	-4.35432120237064	0.0316581780445233
257.633485724585	-4.46675067497296	359.940798141577
264.075540959614	-4.58244461154241	0.0227161209413396
270.522360780663	-4.69598293547512	359.981959878405
276.951401264356	-4.8075757037978	359.986304332461
283.39471889081	-4.92840041289742	359.971764940757
289.846116358533	-5.03745487522747	359.970544690961
296.286020600318	-5.15027850000158	359.978460501518
302.732729998625	-5.26558005447507	0.011844241666239
309.1745136656	-5.39202876115517	359.979245596507
315.624325706324	-5.50025193028158	359.996552971321
322.076593066773	-5.62191209191859	359.952232756533
328.542813900179	-5.74368910745129	359.928839481065
334.984357366136	-5.85088234832227	0.0313099446427429
341.427870546799	-5.96502629799127	0.0101668820038299
347.895592699975	-6.08029826408148	359.967089560341
354.349737874661	-6.1954005085409	0.0113727525531431
0.800410507292597	-6.30939215577156	0.00320258882845792
7.26845215014278	-6.41896741271776	0.0103453759798526
13.7414152520992	-6.53756429873886	0.0463589509807321
20.1847033708577	-6.65780956282582	359.991053402109
26.6477292212001	-6.76774274846854	0.00927043702094466
33.1259906569116	-6.89002127892206	359.99981259243
39.5914952203542	-7.00099433687427	0.00390293031992428
46.0657048285842	-7.11304140743452	359.97882488517
52.5304446156194	-7.23704497343941	359.951834450862
58.9969553899576	-7.35273091033788	0.0241311788350629
65.4741726671141	-7.45759103539669	359.99027486932
71.9501770050129	-7.57720034267994	359.965154918432
78.4376703264749	-7.69289877337087	359.940367401319
84.9059603755833	-7.81962415960565	0.00404181641599166
91.3712526537342	-7.92396634936925	0.0195618174180652
97.8590408652108	-8.03917898095965	0.0526239398641621
104.355971188867	-8.15632363671794	0.00202483982050694
110.826755967564	-8.27576391393053	0.00505979001613355
117.31810842534	-8.38313204783709	359.998362281117
123.817766486891	-8.51104485234958	359.971375826883
130.311531399725	-8.6162575294686	359.992501583946
136.798136965576	-8.74624576891775	359.950777988573
143.299750920083	-8.84977735724114	0.0302029518014137
149.788199125251	-8.96736511130678	0.0372787993044312
156.284917463737	-9.08911991572269	359.993964787268
162.801923205352	-9.19620926130102	0.00308327298671429
169.304948360292	-9.3168261550644	0.0435688326818422
175.804483314735	-9.42901384225884	359.964476181305
182.311505167183	-9.55476977856465	359.983908521955
188.819096495164	-9.65674544676506	0.00727509370665302
195.341703890515	-9.77317751611263	359.954252743691
201.862970826792	-9.89268941895297	359.978295248366
208.368502989706	-10.010374050438	0.0264820148779847
214.901415329865	-10.1273728874523	359.95312871395
221.425173424044	-10.239474612636	359.982576890352
227.942031600687	-10.3579198469411	359.996597493613
234.465210930887	-10.4771365342703	0.0244991708131295
241.00976279072	-10.5929027333813	359.975900528309
247.533423234021	-10.7073000753669	0.0198932996054282
254.06904203915	-10.8252053379798	359.992086763492
260.612065894075	-10.9391473877681	359.986784983592
267.137407575434	-11.0470893812676	0.0347112156890148
273.683246876565	-11.1740668333732	359.970861934134
280.223240809917	-11.29168616587	0.0147725543779984
286.773327775052	-11.4070134832586	0.0313029453134845
293.33266203736	-11.5308721106611	359.993049607255
299.876395046935	-11.6434614066121	0.07432808966837
306.450848636242	-11.7545851693229	359.940534419876
312.996665108994	-11.8827860944959	359.990239049069
319.554728595015	-11.9937686852186	0.00072023203361482
326.123899336315	-12.1032565389002	0.00917001749581914
332.684567518654	-12.2270856470331	359.981210229726
339.255873392453	-12.3418348070802	0.00947832682396665
345.832154169118	-12.4718940621199	0.00428900544190469
352.404230042051	-12.5731126741971	359.968851987194
358.981668749695	-12.6961946101324	0.0364467219120002
5.55567270368353	-12.8047968912443	359.898850267404
12.1546886593459	-12.9327203739761	0.0187415426995301
18.7512072088102	-13.0412260359515	359.987838464482
25.3227426054386	-13.1698535688493	0.0605607692107242
31.927645054639	-13.2806052516655	0.0328831767521933
38.5256643970674	-13.3971640045623	0.0563117643327757
45.1357661201143	-13.5217051678919	359.966287557246
51.7222557902144	-13.6343049379795	359.933909450609
58.3416780182869	-13.7652697788368	0.0729253377106716
64.9564803673574	-13.8699874096906	359.94126116926
71.5616376461778	-13.9979738881468	359.98891783868
78.183385776258	-14.1173818938674	359.915939217272
84.7864210778154	-14.220520467568	0.0686408298917627
91.4173419024975	-14.3353725067718	0.00289180208798712
98.0555773146301	-14.4595115142648	0.030767746770465
104.687110994269	-14.5862401381042	359.994464626276
111.311197977161	-14.6998035022675	359.970511378986
117.949540400862	-14.80996182527	359.909687982773
124.602361947404	-14.9329746984609	0.0128292070173472
131.248435430684	-15.0696242888456	359.94609950681
137.895576665662	-15.1783093160348	0.0203004647277112
144.544815626335	-15.291098812665	0.0140014491752254
151.207110019608	-15.4162140891396	359.949063533746
157.855911101518	-15.5230824563349	359.986574640947
164.533949305931	-15.644126903424	359.972495370883
171.212531453921	-15.7706139089767	359.994189223419
177.873854213915	-15.8846542810329	359.974074988246
184.5563580262	-16.0113747343808	0.0228488230634127
191.223746506082	-16.1260205350529	0.00435422032649058
197.914982689105	-16.2518353728494	0.0107974677931111
204.605065881741	-16.3611305145248	0.0585665205416035
211.308047778998	-16.4860531493573	0.0445254598857048
218.002336379279	-16.5943605367578	0.000879954282964945
224.699760853713	-16.7231127107854	359.993337291962
231.397993744786	-16.8414774299527	0.0512649289645992
238.107063304327	-16.9707993282815	359.96648381884
244.825930939643	-17.0840520233052	0.0853420461517942
251.534513131579	-17.1978791168172	0.0363351157982379
258.268887675549	-17.3221334894434	359.987241366552
264.990995881154	-17.4387745344886	359.931092377029
271.710846452895	-17.5573758012975	0.0467641565586518
278.456130274162	-17.6907243409064	359.972059099702
285.199108213513	-17.8015366483316	359.965680814144
291.935011569435	-17.9218308910063	359.952258430748
298.693747486082	-18.0447575726845	359.920554363662
305.438977324838	-18.1571909575064	0.00362896474189256
312.205378541963	-18.2754743962391	0.0636684649242909
318.955483008396	-18.397198396767	0.0880844607976314
325.728674636018	-18.5237239057182	0.0622443122809102
332.508429555038	-18.6466527367314	0.00478976631674755
339.279412203398	-18.7709781034133	359.979729350509
346.075022150671	-18.8826031696205	0.0609476436457612
352.865193684181	-19.0061044630077	359.956228321393
359.651465730466	-19.1284467715872	0.0319811974094364
6.44343040202537	-19.2490213830561	0.0415245997907903
13.2425129841963	-19.3670951649486	359.990690662326
20.0634637505057	-19.4976650683803	359.921932791571
26.8679347487531	-19.6153010732505	359.957893091133
33.6929993240364	-19.7417808557768	0.0278105223214311
40.5052842633019	-19.8615837582141	0.0186881877263545
47.3300732548457	-19.9822439993458	0.00289560032641134
54.167991936116	-20.0993615036095	0.00378951651740067
61.0046321097433	-20.220174511692	359.969763931141
67.8372515349545	-20.3433122882026	0.0432245840177359
74.713311350256	-20.4742395689254	359.938780646265
81.561294966555	-20.5883691938599	359.982571469256
88.4256457677418	-20.7152142374501	359.998889240969
95.2833148946104	-20.8301512397276	359.986054100033
102.16395289876	-20.9577861304156	359.925821927265
109.022213557268	-21.0740612042746	359.985348622049
115.923275198425	-21.1956595496756	359.986304333707
122.801531210248	-21.321708227091	0.010194312163037
129.701119060832	-21.4484642197574	359.912059619675
136.606092595886	-21.5747303486402	359.97480082864
143.493956403254	-21.6979886893379	359.989186449013
150.424911916886	-21.8163308743462	359.945060903587
157.334132805893	-21.9403514823115	0.0239382342481065
164.256202428928	-22.0619157783018	359.94406809203
171.194907644155	-22.1889995672542	0.059769389660886
178.123817822919	-22.3041370311632	0.0261226029589068
185.074354517303	-22.4202463872431	359.940347458737
192.021622686684	-22.5518873448209	359.994765787414
198.96893071326	-22.6712243677907	359.972248197221
205.926969252148	-22.8074531221447	359.980270240608
212.896657734535	-22.9339801986779	359.969658090804
219.87782929118	-23.0496037828631	0.0306493174975913
226.840706886618	-23.1749506430872	359.956074994322
233.833202241619	-23.3101524773686	359.980922404974
240.822157662563	-23.4245084989573	359.995198391872
247.82719765445	-23.5548087548118	0.0288155988309882
254.825985312995	-23.6870425160389	0.00356635559199958
261.839150383575	-23.8030607129687	359.982069592933
268.863418468906	-23.9224510609938	359.910072075679
275.901156197303	-24.0489028766628	359.974418453769
282.92107322994	-24.1772809568157	359.972762905329
289.949498234896	-24.3227342635828	0.139988273859558
297.008998598997	-24.435089261645	359.997251366951
304.072882505835	-24.55459452126	0.0364106768046213
311.130462692195	-24.6836616394981	359.956371583187
318.196654879354	-24.8116592491371	359.997386693984
325.278652896054	-24.9385845879136	0.0677576250142522
332.363200285384	-25.0547152132309	359.97936425229
339.442851267343	-25.1841267986247	359.982964880522
346.541019786227	-25.3117603069816	0.0140093808174697
353.657269052932	-25.4423209205863	0.0288612085464308
0.775592111106974	-25.5587126275505	0.00423309369344338
7.88381464795751	-25.6880302919011	0.0214483056363122
15.0222282054468	-25.826685927016	0.00476047827680759
22.1405369216318	-25.9452085541933	0.0410644840861778
29.2915602252539	-26.0798180394689	359.988319162458
36.4396997698404	-26.2065454843539	359.972050804398
43.600813987873	-26.3302645791872	359.979294007044
50.7680380035793	-26.4633353493945	0.00755574424823635
57.946836130642	-26.5800070374239	0.0280277972768488
65.1369685328149	-26.7138973792016	359.935387860536
72.3220846122811	-26.8378863516453	359.9872548834
79.5182887576394	-26.9735414202811	0.042087704911296
86.7151522498291	-27.1022885867817	0.0575760330875141
93.9404141250159	-27.2353863862872	359.961489894915
101.162740696087	-27.3532337615688	0.0564087886320408
108.396257496019	-27.4875289746132	0.0254244807955786
115.647237454709	-27.6152782782297	0.00245205950884042
122.875562850453	-27.7533299549952	0.0148929315388102
130.13678511298	-27.8766091251687	0.0488011036001694
137.303000154289	-27.8961594887562	359.458731257858
144.689677836517	-28.1392143232862	359.986469989021
151.962581172716	-28.2652969278041	0.0013228133220764
159.25437267514	-28.4018968915344	0.0162846545653963
166.566758477539	-28.5200537326151	359.950185244405
173.884117037621	-28.6515733248391	0.00429722355073636
181.202254317	-28.7907877779997	0.0733494578462057
188.509750060927	-28.9274542910829	359.886686295428
195.862261327389	-29.0522295207291	0.0536810159129288
203.218221818522	-29.1804607681258	0.00287192787982349
210.569200785789	-29.3166322260743	359.988953106019
217.939883629581	-29.442354600991	359.994965230492
225.302236446757	-29.5715231658935	0.0183489533972647
232.69456696222	-29.6948068506499	0.00865146671861794
240.105121874874	-29.8439337958896	359.920090008618
247.514177509811	-29.9600224679626	359.92162190752
254.922667349902	-30.0992049930832	359.962471929141
262.356161933607	-30.2303511945567	0.0422148196172145
269.763332634101	-30.3704351652379	0.0316687231481865
277.221396824915	-30.5036191204198	0.00423724714096352
284.680529906714	-30.6351547328765	0.00311867786393805
292.135008819185	-30.7587164361842	359.989233713296
299.625794644257	-30.9020874638509	359.994895974779
307.105248234996	-31.0334532654279	0.0111337307756969
314.600943974818	-31.1562942641834	359.99703203995
322.099696127076	-31.3078690217688	359.964023644499
329.635686301939	-31.4351356569721	359.972684553301
337.148440800566	-31.5626890938559	359.949759684943
344.698912518652	-31.7028013870876	0.021795690199923
352.234895476697	-31.8276755254718	0.0184861270127783
359.809490728539	-31.9723651182123	0.0438355803228774
7.37805547622216	-32.1112058028617	359.965076104244
14.9533119131793	-32.2477222137635	0.00605804859512205
22.5693487976334	-32.3817493165854	359.997186752116
30.1707487564554	-32.5018888607789	359.997500682057
37.7816763708738	-32.6441537183618	0.0038558308014558
45.4025979185199	-32.782246105208	359.967983108471
53.0509712412094	-32.917774161551	0.0089420529088784
60.7083697191833	-33.0465919764159	359.988201533754
68.3683265219608	-33.1953902836968	0.0152640494088416
76.0632712848394	-33.336922054754	359.998140445247
83.7508235502325	-33.4648489130011	359.982748161296
91.4459917922679	-33.5989560785575	0.00956162531119276
99.1564317702104	-33.736630370307	0.0348376291237855
106.873727178143	-33.8761074000482	0.0330736213608134
114.628384665821	-34.0105392197531	359.942809462837
122.371409283763	-34.1494939270074	359.964437924579
130.127669363409	-34.2990878644459	0.0504645716735581
137.903038865249	-34.4131449130616	359.888319381161
145.706367045991	-34.5718737860411	0.0443225833908514
153.514131552441	-34.7158655891792	0.0174703268790211
161.333387913084	-34.8461346424598	0.0300443603084659
169.152746981607	-34.9904082704598	359.971508341935
176.988119353799	-35.133138313812	0.00102144478489663
184.859735585306	-35.2680834301602	0.0323631328618319
192.711633893875	-35.4136350378445	359.970577047304
200.615351678418	-35.5499471143189	359.977436381533
208.488878700114	-35.6904305279549	0.0567960435135433
216.429822307517	-35.8409885894967	359.916126612386
224.340316262379	-35.9708816881545	359.988502321207
232.285660205823	-36.1246961207883	359.909079087063
240.226900987951	-36.2580064235495	0.022430558416346
248.205548592619	-36.4005602590187	0.00466337142782436
256.186978701781	-36.5357992450238	0.0100261171466229
264.172051150035	-36.6833077834454	359.997135152828
272.193214105336	-36.8231515102444	0.0327897875513656
280.216366740856	-36.9744218145299	0.0175171816907493
288.274188178273	-37.116965160007	359.983820627527
296.325354816933	-37.2643382992954	359.999762795924
304.394677098427	-37.3993736150599	359.93101434502
312.494150820818	-37.5373109112564	359.987980251956
320.593890977336	-37.6879109645784	359.977502678013
328.700747642917	-37.8409875267271	0.0164375938668968
336.853053728035	-37.989616601924	0.0839290016732548
345.001080482416	-38.1198296638309	359.99868643408
353.17650739413	-38.2673351358993	359.9945931236
1.357021938984	-38.4131683148296	0.0193562564963656
9.54896709017197	-38.5578930478546	359.980046840558
17.7792734375276	-38.7191321803815	0.0160042147222441
25.9940757482332	-38.8586379352463	359.993846803207
34.2662623918125	-38.9998804857511	0.0283551575022329
42.5197103305937	-39.1560812128278	359.945015241127
50.8158588701886	-39.3065051035799	0.00215793800023789
59.1139108632236	-39.4480070743963	0.0210983698837595
67.447477302696	-39.5904439296659	0.00118413883819812
75.7975992265052	-39.7379775570296	359.971833021426
84.1570349216417	-39.9011145536517	359.9949782569
92.5199427141949	-40.0435834121188	359.991096955269
100.90877068414	-40.1957911037061	359.987203242391
109.326953318347	-40.338820890268	359.962698224756
117.744306323994	-40.497749529362	359.988883820684
126.200921182309	-40.6400738349404	0.00616445559197132
134.689962948504	-40.7882810707572	359.939167071683
143.172679304419	-40.9401541083165	359.9975618228
151.685740235151	-41.0916160880978	359.950589967465
160.215985858696	-41.241284340852	359.993123053233
168.75971437349	-41.3939986622767	359.993667424547
177.334537948142	-41.5560461944593	0.013142565456036
185.905710795363	-41.7014015533494	0.0220428035900113
194.517417176911	-41.8652482851708	0.0291782597966233
203.145991604942	-42.0169368911805	359.968908565648
211.808793472624	-42.1700328183684	0.0362990965589347
220.484857511165	-42.3209568914938	359.955329193909
229.159530081775	-42.4814388811307	0.0489515099751543
237.884402406051	-42.6302189362609	359.932201036381
246.624176714161	-42.7917374636663	359.977531247165
255.383878317096	-42.9491195941255	359.989599360769
264.17349428313	-43.105879667703	359.969521863751
272.97576374219	-43.2545150177761	0.00255913793358786
281.80894948247	-43.4107794104943	0.00086724707747976
290.645850312256	-43.570277216446	359.969854499497
299.505380195711	-43.7274904054112	359.99661643078
308.408868668929	-43.8967390596713	0.0366214510422367
317.337534982125	-44.0517119782592	359.986323363806
326.265049840467	-44.2171334015227	0.0152943727732406
335.252107527355	-44.3778099821046	0.00940050179670493
344.243076150779	-44.5290017738901	359.976583423979
353.267174991567	-44.6940520878998	0.0145021378098136
2.30313604757005	-44.8467100991339	0.0341005976708573
11.3656968074486	-45.0124949423031	359.961243116382
20.4683657204692	-45.172758410792	0.0301790190926283
29.5741976496872	-45.3418487704069	0.0649139046164464
38.7241992859318	-45.5033530292278	359.978732650819
47.8840551407232	-45.6676873072849	4.2167279957539e-05
57.089060097756	-45.8246740088952	359.996587519349
66.33222061947	-46.0019717321092	0.0178430874502169
75.5974106954348	-46.1572500170448	0.0463948829085155
84.8639433963893	-46.3308180310724	359.975828848301
94.1736993629454	-46.4921290042893	0.00739119007806721
103.499759466378	-46.6505890540587	359.998660389229
112.865434706814	-46.8295932584134	0.0267511744682452
122.269407910791	-46.9964941881627	0.0668028900665831
131.69101562517	-47.1619645618085	0.024044503288593
141.153673784142	-47.3272800564739	359.962178657372
150.651508686176	-47.5019618041767	359.960957402165
160.163699170117	-47.673394699974	0.0408587959403803
169.707703145358	-47.839239118446	359.974951574187
179.296712784687	-48.0113861426929	359.994831327488
188.911971152372	-48.1751240148251	0.000406864570180687
198.555468555117	-48.3554639123728	359.98068569271
208.218342300513	-48.5242746750408	359.957555629117
217.922350577484	-48.7084825720048	0.0102216349557409
227.671106952009	-48.8743175207552	0.00265213399924846
237.466369374641	-49.0480849960937	359.914797751012
247.2640067499	-49.221600623236	359.949537729989
257.105459195394	-49.3933015033575	0.0212206117796541
266.995970422919	-49.5731281845342	359.975694394217
276.901899804464	-49.7492884138904	0.0429254693774226
286.890784686615	-49.9297848738618	359.944329474602
296.83773920227	-50.1071648810569	359.981336402725
306.885460688086	-50.2868670992297	359.977682479427
316.948564653165	-50.4585132966662	0.0100410229108263
327.072171213786	-50.6589141300309	359.917286393913
337.200984389612	-50.8196792507217	0.0522326090116394
347.366146480739	-50.9974066450665	0.00921088896939182
357.598331602646	-51.1908833180399	0.0489470187988275
7.86636496290068	-51.3801816371887	0.0360068418982564
18.1645875581219	-51.5602609705782	0.0630952968802774
28.5287056433686	-51.7406071428579	359.936849050703
38.9053330425941	-51.9259257359674	359.967902839411
49.3346516276095	-52.1088874629229	359.973142390314
59.8208937732781	-52.3036734529532	0.0477990148621643
70.3355951565411	-52.4805229219336	0.0151473363780781
80.9058087971112	-52.677389310768	359.953566704468
91.5175963074238	-52.8685092244833	359.985582805893
102.176851652691	-53.0532103826281	359.984130910541
112.861296463582	-53.2491615245988	359.938373482932
123.644611941671	-53.4394151481625	359.795494302743
134.391495249446	-53.6316183232516	0.0793968753435195
145.260014759814	-53.8257685004154	0.0212156109078592
156.194057473727	-54.0089279477213	359.928809868741
167.106875716153	-54.215611917167	0.0219850043597205
178.11395538909	-54.4124744334328	359.962820820966
189.170552144614	-54.6038399745637	0.0516463202869488
200.303190442476	-54.8042030997752	359.967566275515
211.47691890387	-55.004801999968	359.936438908912
222.673468075546	-55.2101738470072	359.994143421372
233.970177802278	-55.4063680896287	0.014221012077428
245.294810865396	-55.6020081689688	0.0233584521715784
256.700615566833	-55.8086172857833	0.0333808825241704
268.154412527339	-56.0136787613526	0.018198609365129
279.660669168311	-56.2162038848027	359.98346631087
291.237888627307	-56.4172306665662	359.991685919346
302.861560673401	-56.6302661608663	0.0632995027227992
314.599477795798	-56.8492673629578	359.973000544523
326.329556079662	-57.0483700104019	0.0191856540816104
338.186305552755	-57.2681783284008	359.995104198581
350.079151101183	-57.475201619267	0.0260516275957059
2.05416585607091	-57.6927446049626	0.046237447487897
14.1235171350502	-57.8978083544079	359.965848317
26.2273575892729	-58.1217719007538	0.0362182847601389
38.4181533953301	-58.3282118226287	0.0115524266604439
50.6733222712099	-58.5499518480805	359.991925975858
63.0445925564539	-58.7728089472485	0.0680781366131384
75.4611051954655	-59.0048114161369	359.946964782038
87.9642582910756	-59.2223513458337	0.0297033926497363
100.55752373598	-59.4445424708057	359.938181843157
113.238372200549	-59.6651460980598	359.950903855611
125.975343239707	-59.8978605951549	0.021379749101186
138.813404597387	-60.1252625113736	0.0247073279526546
151.768330921793	-60.3531452498862	0.0340615405634708
164.776936805582	-60.5986954270091	359.990803060347
177.910586105103	-60.8197651328565	359.953607212797
191.104864139162	-61.0588535988044	359.972601907273
204.436787476937	-61.2974065209952	359.966504232445
217.845751063371	-61.5429900452794	359.988527435039
231.35852787351	-61.7704886933967	0.0272649584121893
245.019242422886	-62.0314220353404	359.997537754386
258.732585535979	-62.2666877804231	0.006416751810292
272.612623862177	-62.5092660950496	359.910174416329
286.541691772302	-62.7682025435508	0.0263457642657841
300.68333245337	-63.0217823516736	359.873680427699
314.865564911753	-63.2727726255651	0.013036325645686
329.176207206396	-63.5175896273784	0.0209089650940939
343.638530730594	-63.7783106076947	0.00962101385920278
358.264621633639	-64.0411777218406	0.0225654423749688
12.9705983552656	-64.3118441422792	359.978373545578
27.8659263699853	-64.5684607406614	359.956380714789
42.877503335183	-64.8426160751919	359.971289451177
58.0758795500359	-65.1028145550158	359.990385642603
73.4161189262358	-65.3777300390015	359.954587082079
88.902323099706	-65.6596818561804	359.98815607491
104.524508832072	-65.9300913574869	0.00167278428446593
120.373175625463	-66.2143479641967	0.0198257213469333
136.389984171294	-66.4990847729011	359.966116472011
152.561735129427	-66.7980639600728	0.0254911658884396
168.966331799486	-67.0833136998741	359.970513812193
185.535247501413	-67.3728618788317	0.0950135863319872
202.394114654824	-67.6759093840232	359.80005366428
219.368681146912	-67.969753453903	359.93666316542
236.601096187589	-68.2911026430953	0.0207144946529922
254.07700211585	-68.6055464332975	359.959729389791
271.821069366304	-68.9115151633073	359.901466518006
289.765880855334	-69.2385403919369	0.0227236812267506
308.018410218176	-69.5664645165053	359.999123608863
326.526175455241	-69.9010365152295	0.0192862894928112
345.381622979722	-70.2348185764521	359.992590314639
4.53353937271405	-70.571527817157	359.99436637547
23.9930201738422	-70.9108387481966	359.971191824088
43.7810887713802	-71.2771200772381	0.0116157946521867
63.9452425069983	-71.6386635679837	0.0196443120173342
84.5530018655113	-71.9933121310166	0.0452426864523261
105.512933039455	-72.3682362329359	359.979124586716
126.962140872209	-72.756113619184	359.977617205368
148.889436969727	-73.1395858329744	359.933430993723
171.262708023922	-73.5452946885369	359.98269637173
194.181898156739	-73.9574004596665	359.98964457135
217.689836913647	-74.3731631619774	0.0540367523537384
241.885791243805	-74.8007920502102	359.962848349578
266.753930008269	-75.2472620868841	359.999594195713
292.300735671492	-75.6936657000173	0.0645326416986052
318.762144935355	-76.1830472162494	359.938847939188
346.070648382158	-76.6627093102702	359.989457183255
14.4479565593648	-77.1677314654397	359.987470732133
43.9577391297823	-77.7041260003159	359.997132391068
74.7621580104996	-78.2530634616476	359.957231062793
107.009758850336	-78.8196238593051	359.993397322392
141.054603411037	-79.4179572925784	359.98324773458
177.125473609946	-80.0658737046554	359.911207501741
215.586654109742	-80.7579774065932	0.00667833233399051
257.279333795663	-81.5041188155951	0.00324437004951506
302.894002354294	-82.3120994568752	359.938482992692
353.818139241278	-83.2307179339543	0.0214930828401236
52.8263764402851	-84.2726687886993	359.979782368189
125.211311293506	-85.5442335510524	0.103066671429076
230.220195682557	-87.4371579978645	0.204396981931353
