0.183483920972767	-0.00718399790999923	-0.03806265974877	0.982259270687398
0.432242917769718	-0.0216541017360494	0.0449958452884728	-0.900373552378512
0.818718546392707	-0.0485314371502034	0.0338055318000925	-0.571140812252513
0.984351920036888	-0.0661432364707566	0.0109446260023744	-0.162961912576325
0.970142881597338	-0.0720499319160101	-0.0170971923038098	0.230952987883333
0.824477840689873	-0.0667321820218498	-0.0452788788916521	0.560118674229205
0.593103981593946	-0.0516079910988298	-0.0695262700106663	0.800456357367817
0.316166751289838	-0.02928817524797	-0.0873927895941686	0.944215700195895
0.0256733959023075	-0.00255100885394007	-0.0973543078262818	0.994915326972269
0.251880063262725	-0.0258407271404144	0.0991218259002667	-0.962321959731678
0.497567597308243	-0.0537674157604622	0.0927564475304263	-0.860773949741091
0.699927129600381	-0.0787374994323786	0.0793692544217199	-0.705409768067502
0.851034013297794	-0.099507644734288	0.0598222459822193	-0.512113889418485
0.947500808127987	-0.114944623453914	0.0358599763356308	-0.296216161329963
0.989614918637784	-0.124060415302245	0.00897974740100545	-0.0720464454444542
0.980428877093335	-0.126879577790419	-0.0193382380170688	0.149287716345395
0.924893212991812	-0.123367837720762	-0.0475278276831572	0.356502491959743
0.829322790762659	-0.113843137014036	-0.0743321192071797	0.541976184837127
0.70109661702529	-0.0987939709854515	-0.0985386329388201	0.699280646601325
0.547649932485119	-0.079317488085378	-0.119166337153268	0.824371076410583
0.377190311800936	-0.055879517639525	-0.135434990319812	0.914473789448861
0.196369591126424	-0.0298623443911559	-0.146967401528096	0.968993192420042
0.0140369233533062	-0.0019940392323844	-0.153301394981389	0.988077765607077
0.167017772010726	-0.0264898359453367	0.154217400577813	-0.973457932210316
0.338247590509651	-0.0545675074999587	0.149977137068419	-0.927425367884887
0.494591355276592	-0.0818048865165416	0.140590580696489	-0.85376907911162
0.634026206527885	-0.106696358568797	0.126902461570377	-0.755329346544537
0.752203960888493	-0.128794486668338	0.108938587112824	-0.636972185943282
0.847248090569079	-0.147635284161955	0.0876085523792553	-0.502691990633906
0.917693732006351	-0.162598356657429	0.0633156839951244	-0.356918916294429
0.962790238193787	-0.173507024948849	0.0371716128499312	-0.20383459159398
0.98238752652885	-0.180009575612314	0.00897805741876672	-0.0493020779824644
0.977575501644647	-0.181879607231464	-0.0196011803419942	0.104315582665032
0.949209550004493	-0.179297350813239	-0.0479870832023962	0.254068750572259
0.899297757896307	-0.17238767515774	-0.0757162371715723	0.394731660150239
0.829537344282791	-0.161366903882864	-0.102160972059938	0.524777717285405
0.742335961592026	-0.146362565723953	-0.126643315682054	0.641464566499974
0.640457054289885	-0.128081798537316	-0.14846819368031	0.742540914670077
0.52549614280412	-0.106884114216141	-0.167356198856463	0.827297705019505
0.402011183835384	-0.0827583329144347	-0.183416289208749	0.893250542265377
0.273076456581636	-0.0566936308507325	-0.195585571480863	0.940192195942023
0.139307035159616	-0.029316546463967	-0.203992175803407	0.968566612200449
0.00435176393656536	-0.000904394656137534	-0.208497888421908	0.978012717066886
0.128963606095419	-0.027747836190842	0.208958371330034	-0.968986504003379
0.258421161937707	-0.0562283745089426	0.205652257459854	-0.942212301959868
0.381504690677981	-0.0841486134375636	0.198378020579795	-0.898898961395593
0.496617216130728	-0.110784876298989	0.187579555725837	-0.840185671205883
0.601405782244293	-0.13579675123483	0.173206388517519	-0.768029865574194
0.695574656892988	-0.15869116230284	0.155889283415687	-0.683148258441255
0.777102086303983	-0.179061251898569	0.13554969347182	-0.587941915609196
0.845036707167337	-0.196870536272171	0.112717505723518	-0.484200081981779
0.898844034061753	-0.211452989662844	0.0880716279189754	-0.373644783116185
0.937890653152736	-0.222851432122171	0.0614706590950928	-0.258688461281609
0.962220064359586	-0.230864348447826	0.0338843868678232	-0.140306980176276
0.971647521845608	-0.235425358704441	0.00532645655774336	-0.0211570940989873
0.96653898717737	-0.236418255492462	-0.0235916874616101	0.0967069129832901
0.947324677718282	-0.233898730159862	-0.0525057970634474	0.212392279262426
0.914706208944708	-0.227838345920945	-0.0808947165020381	0.323818288995639
0.869189735587181	-0.218576091324391	-0.108056390747528	0.430183114812583
0.812079121731967	-0.205912529809577	-0.134195172400097	0.529262870244046
0.744321396917401	-0.190491565006234	-0.158692299248671	0.620093038109262
0.66706432294701	-0.172250565131474	-0.181099666774172	0.701824652286751
0.581392031567651	-0.151396385842993	-0.201261083715936	0.773664278718363
0.488882885203532	-0.128388128915348	-0.218984489347238	0.834599189032685
0.391094573989192	-0.103575452865355	-0.233944894382218	0.884074061463428
0.288957597203619	-0.0770986701742804	-0.245887536319366	0.922007929227543
0.183668751853413	-0.0495565685342471	-0.25490543234607	0.94806811815828
0.0769566893612023	-0.0210823381759849	-0.2607240284779	0.962110276399671
0.0297513791499915	-0.00790843787885873	0.263375011880699	-0.964202216947167
0.134586335380572	-0.0370691944131832	0.262786509845345	-0.954701861000432
0.237632625175698	-0.0660894497149203	0.259018640874215	-0.93384809458935
0.337018734317946	-0.0942855708148461	0.252047015269931	-0.902219987557562
0.432063124516776	-0.121697452546842	0.242164017091861	-0.860155669226415
0.521310923875777	-0.147748956703838	0.229329659925143	-0.808587084684964
0.603903655938615	-0.172401268690024	0.213783979906345	-0.748247677466124
0.679253376967053	-0.195301522072969	0.19565978857808	-0.679845138607623
0.746355077436931	-0.216117933334361	0.175219571821229	-0.604603373234208
0.804852444671766	-0.234805316888805	0.15258750615744	-0.523255251699668
0.85419345717598	-0.250906271754287	0.128183612310192	-0.436999476026255
0.89420107713593	-0.264481298903806	0.102278702134125	-0.34640026453347
0.924670242261475	-0.275205369892156	0.0752712609123204	-0.252153097818162
0.94492013887787	-0.283211278098548	0.0468651333709375	-0.157229012510218
0.955491467802831	-0.288255888328435	0.0181234439495609	-0.0601343377728876
0.956156186583303	-0.290353118170261	-0.0110048111142493	0.036596553930965
0.947144708702365	-0.289472429662765	-0.04038072542938	0.132257363711984
0.928769664862484	-0.285658476560344	-0.0695044505079218	0.225732752962534
0.901095798102535	-0.278971758816207	-0.0979681436360483	0.317180332393821
0.865102635505601	-0.269357232041535	-0.125754945631694	0.404017085328524
0.820779550340578	-0.257176178420161	-0.152619893325683	0.486711938580899
0.768860925963612	-0.242265548521468	-0.177985789667189	0.564341509373993
0.709727389468651	-0.225239868872863	-0.201740882051647	0.6362818955598
0.644260964206455	-0.205777853248471	-0.223750189661754	0.701797077322604
0.573520814944408	-0.184173744894911	-0.243840447112943	0.760062986119339
0.497922868090836	-0.160835095591675	-0.261807913992767	0.810963319533608
0.41805011960539	-0.135773887136041	-0.27741106876165	0.854308286275164
0.334795184212665	-0.109380812995253	-0.290651928645282	0.889645704059365
0.248499876712588	-0.0819221303126612	-0.301122630457434	0.916985134702444
0.161690040014775	-0.0532871422442796	-0.309195792928788	0.935636025955925
0.0732528229966001	-0.0242056728896992	-0.31437846664321	0.946157644916559
0.0150732269138557	-0.00521461289507383	0.31678727762718	-0.948362497348096
0.103196645839049	-0.0347139131860221	0.316500650497636	-0.942323052224372
0.189511470792016	-0.0642812516754439	0.313433165889164	-0.928284963597914
0.274257705276502	-0.09331066927312	0.3076745119326	-0.906317949068265
0.355904191638716	-0.121659899650593	0.299265590365744	-0.876910019109169
0.434616989817286	-0.149044013122126	0.288393189632628	-0.840073403035789
0.508999948075862	-0.175472594891093	0.274921233843697	-0.796584418930483
0.578339671333254	-0.200618984048254	0.259116734430633	-0.747083506536983
0.643173010021369	-0.224205689651113	0.241146644383202	-0.691309325707994
0.702263511211664	-0.246133353075093	0.220957549795134	-0.630414224548596
0.755605989559807	-0.265970725033357	0.199051071285319	-0.564533287757898
0.802236175062007	-0.284049347134614	0.175371995520006	-0.494952271437975
0.842507871555213	-0.299841026854182	0.15000392174651	-0.421633334122436
0.875939823930373	-0.313211125166274	0.123453292061582	-0.345524963792866
0.902447426327929	-0.324339154004621	0.095866142856194	-0.266837850665041
0.921779590716174	-0.332997003413281	0.0671842678869458	-0.186873368903631
0.934145919110452	-0.338959343970575	0.0380535204375833	-0.105023304683453
0.939205069318185	-0.342451737856935	0.00834775687834602	-0.0234725363113575
0.937130383627724	-0.343395340467593	-0.0213766097181644	0.0583894235616221
0.928152180470663	-0.341692511537007	-0.0512439603436421	0.138397304798126
0.912117908191626	-0.33743574801099	-0.0807226292026255	0.218316043054587
0.889472967428017	-0.330653999641045	-0.109817704025598	0.295712435684946
0.860560213942458	-0.321292281326842	-0.138385575422991	0.370211859148181
0.825221401709959	-0.309631545457155	-0.165740540748887	0.442343777360924
0.784268300335867	-0.29561568562846	-0.192270157429381	0.510457428255077
0.737796976625977	-0.279451409728901	-0.217387973198891	0.574721671759971
0.686566323429456	-0.261037985607401	-0.241284166803389	0.634245854895863
0.630405224509786	-0.240828759747917	-0.263411332700367	0.689351311882455
0.570360913382972	-0.218678084769983	-0.283810041715758	0.739134753578516
0.505835644710434	-0.195245877736292	-0.302174927928085	0.784027844339103
0.438908745522565	-0.169854913912555	-0.318631363912977	0.822789447704893
0.368781432001259	-0.143416907714021	-0.332830933165994	0.855952928565995
0.296458164950134	-0.115917512942446	-0.344797165154804	0.883057530135409
0.222721262895701	-0.0873645994903311	-0.35456682674379	0.903905432654809
0.147372935904728	-0.0582108894926563	-0.361899763253408	0.918651877189843
0.0717699802153528	-0.0284857562475022	-0.366835241246905	0.927075799171902
0.00411657624340085	-0.00168453089002732	0.369336155924734	-0.929285219984937
0.0797899728274578	-0.0317667598655837	0.369223449419785	-0.92536397033945
0.15446695178971	-0.0619304060468595	0.366775698400829	-0.915303322770245
0.228224872819008	-0.0915936872751966	0.361836008217597	-0.899221166919038
0.299604701275817	-0.121009267667243	0.354612588179689	-0.877407369707235
0.369113113645392	-0.149718439800069	0.34484221219568	-0.849955143996921
0.435809350245945	-0.177459826369088	0.33292698906508	-0.817152274802757
0.499512534143804	-0.204174374281541	0.31883795263573	-0.779193437523079
0.559550970419832	-0.229754194307446	0.302548143250455	-0.736600531303137
0.615923846985679	-0.254147930038743	0.284250514087461	-0.689382542288676
0.668104005445972	-0.276779749303221	0.26409813417348	-0.638186637128028
0.716238062370941	-0.297677472005971	0.242262127371606	-0.582838075551554
0.759583710571299	-0.316867336573591	0.218863414835165	-0.524143571260954
0.797964548848138	-0.334338677481742	0.193783242030582	-0.46251300806514
0.831246719715721	-0.349622715769142	0.16765443311433	-0.398352656119143
0.859579846333057	-0.36281323699898	0.140473195181691	-0.331294920383343
0.882025102555713	-0.373974116281617	0.111794543431194	-0.263964124213838
0.899332618913687	-0.382761561480831	0.082626403875559	-0.194595233737103
0.911192182475882	-0.38926790579795	0.0527840482971013	-0.124149701392657
0.917498881780846	-0.393500544398017	0.0226973853598047	-0.0532724336518481
0.918349450189695	-0.395291917131332	-0.00787501421897152	0.0177924629540882
0.913707982065994	-0.394782696348264	-0.0382638104101484	0.0884320472780114
0.90364925214131	-0.391966512902047	-0.0685150907079635	0.158385492432673
0.888343790768649	-0.386784709689903	-0.0987765797025313	0.226905454000457
0.867894202300572	-0.379283639776806	-0.128335083252322	0.293996055445191
0.842703750038653	-0.369463442777665	-0.15754720422071	0.358505275503589
0.812240705371547	-0.357609443901135	-0.185552514572016	0.421842134579103
0.777422948481495	-0.343634408718761	-0.212769075537802	0.481931813448371
0.738454417634911	-0.327539574184808	-0.238969608497955	0.538791635637241
0.695463826029872	-0.309404276251875	-0.263690657090286	0.592508479166533
0.64873181319838	-0.289484976991718	-0.287289965087033	0.642502886064131
0.598010379876662	-0.268051072348013	-0.308935774750123	0.689268376797015
0.544549822170113	-0.244783007789128	-0.32928851140607	0.731516128686293
0.487529759331535	-0.220382408157234	-0.347529680670462	0.770045095428859
0.429039922693181	-0.194365377408206	-0.364157735152242	0.803452542922844
0.367238452689644	-0.167472250336574	-0.378652993971961	0.832893075003863
0.305010633977244	-0.138975575363334	-0.391148507454041	0.857121431145964
0.240352543823135	-0.109938407774024	-0.401598034353309	0.876848458958228
0.174717474369746	-0.080307282416484	-0.409666776147394	0.891738569908096
0.10846235776482	-0.0501483441181692	-0.415686156610499	0.90162413440008
0.0413599522386145	-0.0196633770335887	-0.419390806106653	0.906649909120199
0.0246491918515425	-0.0114185808471719	0.420947901537538	-0.906677945879156
0.0906659821193855	-0.042340461243883	0.420210287679335	-0.901892609547519
0.156419887120855	-0.0731817058746727	0.417084062755079	-0.892310563332122
0.221045584894579	-0.10349231741429	0.411843782853711	-0.877959502573768
0.28427912779169	-0.133520827919518	0.404272677058764	-0.859023380704753
0.34512705259065	-0.16306101492259	0.394569062152626	-0.835831130177922
0.405174081794684	-0.191594036477016	0.382881033647038	-0.807791930327144
0.461427379961172	-0.219684973135341	0.368903736769118	-0.776359013986747
0.515915136034969	-0.2462166423873	0.353046977397551	-0.740652934357245
0.568087182192044	-0.271534033666026	0.33546342432399	-0.700721423199679
0.616234383616762	-0.295917509411053	0.315863302279035	-0.657965338255604
0.661660857515982	-0.318550061287429	0.294673916646822	-0.6114720361006
0.703091094682423	-0.339731507657497	0.271777647449956	-0.562478733490968
0.740918508896759	-0.359255603133352	0.24742335820305	-0.510643571003317
0.775134929425196	-0.376884670763824	0.221914537540827	-0.45593609657087
0.804857728064322	-0.39275130529516	0.195039565865411	-0.399887506070291
0.830773813778966	-0.406629894513097	0.167165956675339	-0.341353983653681
0.852407697662134	-0.418542262167986	0.138338008792967	-0.281222486776647
0.869525655501466	-0.428385528505155	0.10863166223065	-0.220477063099794
0.882390580830729	-0.436096428739499	0.078447555856033	-0.158280601092108
0.890783700154643	-0.441621894128516	0.0475702522904776	-0.0959769413044861
0.894733491858696	-0.445041676221254	0.0163405715448567	-0.0335092628105961
0.894310947013554	-0.446184866761642	-0.0145971191795449	0.0302310905571342
0.889477882839514	-0.445194460430709	-0.0461341940194545	0.0922096767336305
0.880276326721928	-0.442027348635823	-0.0771024994437317	0.154209650315615
0.866909179876409	-0.436517921976309	-0.108074710280075	0.21503589150971
0.849355520326189	-0.429024132735061	-0.138696054927008	0.274402802409235
0.827686682368175	-0.419403780136513	-0.168540476420984	0.332609880859477
0.802086488800773	-0.407723147008719	-0.197656834543835	0.389038398663507
0.772799216578869	-0.393954631737979	-0.226052701507567	0.4432621065785
0.739813096568336	-0.378290139239217	-0.253367703663264	0.495356396386227
0.703828902511019	-0.360592864913489	-0.279715899622383	0.544386514585049
0.663707747074202	-0.341478021158226	-0.304332252645233	0.591833310603102
0.620298025330415	-0.321224582424583	-0.327499251687262	0.636230593072688
0.575434473657803	-0.298140327309068	-0.349838447611454	0.676461804044409
0.527760146674975	-0.274008006350895	-0.370368247482845	0.713593862987696
0.477519742046727	-0.248467384888403	-0.38936698881231	0.747417020561868
0.424810235069262	-0.222012812013724	-0.406178731583144	0.777988054851529
0.370546036132294	-0.19438860713142	-0.421344821532011	0.804597567664922
0.315269474758445	-0.165334293635958	-0.434725866079656	0.827214090181451
0.257733281709339	-0.135860977359374	-0.445876511544512	0.84635068782579
0.199070930536825	-0.105872528899227	-0.454935926383892	0.861507443452995
0.140938603525663	-0.0745868963977683	-0.462329082107854	0.872252787189181
0.0813452360658691	-0.0433504629233398	-0.467383559305866	0.879236201725282
0.0218389208052363	-0.0119175167229798	-0.470219370693306	0.882198831192839
0.0375480330363293	-0.0198804818117309	0.471060892100564	-0.881076924900123
0.0964250413282341	-0.0519279527258236	0.469615624586139	-0.876051861635556
0.155096543033523	-0.0834089534426624	0.46615309282813	-0.867000174666314
0.212930669644186	-0.114559666744468	0.460610872438363	-0.854034095848547
0.269581660970995	-0.14541537048091	0.45292063864355	-0.837283102174371
0.32396602744315	-0.176173157618063	0.443010201253776	-0.81716032281473
0.378025231776327	-0.20562986002429	0.431314313439082	-0.792957279952343
0.429650132423624	-0.23440900343768	0.417582732519924	-0.765557211654955
0.479113464759513	-0.262418513385949	0.401795036135053	-0.734947318285927
0.526611333107538	-0.289123980345396	0.38431839501915	-0.70099015619468
0.571933259796402	-0.314345979628054	0.365288038562092	-0.663809912786635
0.61368006984226	-0.338883815551041	0.344139650580907	-0.624597816465938
0.653623213406463	-0.36153062255122	0.321751423327533	-0.581849057265408
0.690028331820328	-0.382838163045281	0.297750348762318	-0.537252800842665
0.723646669817054	-0.402416975105937	0.272624887317518	-0.489971168768517
0.753579094555378	-0.420493478897233	0.245823812480051	-0.441445846816766
0.780578226516059	-0.43662233594373	0.218252282841432	-0.390415815610213
0.804204137643987	-0.450855532881166	0.189633108271289	-0.337674810600524
0.824143777272855	-0.463223117918364	0.159990910110657	-0.283926550520349
0.840182348240635	-0.473842203767671	0.129411078497423	-0.229825934993383
0.852878776495709	-0.482280815225751	0.0984213331161271	-0.174115619793321
0.861898039802653	-0.488647390295542	0.0670339936526552	-0.117736742933872
0.867165243146265	-0.49296406485893	0.0349957323234659	-0.0615318661831711
0.86872454918551	-0.495265651640288	0.00304427367296353	-0.00450825304926491
0.866669831057983	-0.495346649836956	-0.0294777791810075	0.0514408491744373
0.8608432422447	-0.493438178796854	-0.0614425650876105	0.10813180467712
0.851486299929737	-0.489376583623061	-0.0935110322692343	0.1635155261048
0.838574601514882	-0.483251977366011	-0.125227736947755	0.218124225992761
0.822231968619569	-0.475064038774226	-0.156717409022471	0.271456078496675
0.802510042844559	-0.46483171710766	-0.187613087249367	0.323589918565351
0.779473293771747	-0.452670171203973	-0.21748700484184	0.374446929649203
0.753195469459078	-0.438537441140039	-0.246842713507831	0.423615594959342
0.723979792629335	-0.422663801578283	-0.275042331955187	0.470701908146156
0.691774236944914	-0.404868538869145	-0.302122718569807	0.515995866511772
0.65682176948923	-0.385379026107443	-0.32816731005056	0.558904630483318
0.616086464587763	-0.366547076112218	-0.351355053791808	0.602187956804427
0.57937568469287	-0.34149600532745	-0.3762642245495	0.637282925909855
0.536692742069251	-0.317573819909301	-0.398074591655445	0.672788517289612
0.492055487544863	-0.292340881244917	-0.418061423754538	0.70543805702433
0.446156379668424	-0.265335623262936	-0.436905066652329	0.734612452006062
0.39759216541171	-0.237684442762255	-0.453667025626314	0.761323062524312
0.348702370096018	-0.208414312721735	-0.468891699264243	0.784289937270163
0.298310621853105	-0.178507735249563	-0.481994404791465	0.804255652821543
0.246309369904144	-0.14781895008319	-0.493286625070074	0.821066110505544
0.192987153437894	-0.116852460965257	-0.502522994534356	0.834608950909661
0.140573452535583	-0.084512666571888	-0.509954659672462	0.84441871053967
0.0869274888271422	-0.0522041184631863	-0.515262780704566	0.851012695864337
0.0326279822191883	-0.0198280184129678	-0.518537579739886	0.854201991837774
0.0203328315145634	-0.0133989436542676	0.519455750847177	-0.854150318845194
0.0750646167059537	-0.0457273439329195	0.518861365513065	-0.850327699603833
0.128267909941887	-0.0784886285346343	0.515818308055614	-0.843396912221366
0.181004323682792	-0.110847610995236	0.510825472834903	-0.833071172378316
0.232604294266683	-0.143039820663133	0.503706488473879	-0.819581982148626
0.283919843030521	-0.174405696735674	0.494755247467006	-0.80261411698495
0.33298394655415	-0.205706459680037	0.48366214123619	-0.782864916136847
0.380727966441511	-0.236293759578546	0.470521071541893	-0.760145641300809
0.427149453805199	-0.26564746822406	0.455688541854058	-0.73438594728044
0.472377864754864	-0.293777405165927	0.439196703428791	-0.705450384365118
0.515085588631037	-0.32119614522759	0.420762005137528	-0.674150730703603
0.555866834972486	-0.347274682958352	0.400759470234844	-0.640159514004856
0.593716900975174	-0.37243963342545	0.378743013643566	-0.604435844872342
0.629895205336924	-0.395858343155859	0.355666682537985	-0.565711422352312
0.663276199287207	-0.418052413061815	0.330858505961489	-0.525194737621428
0.694034718474847	-0.4385231905146	0.30490962424255	-0.482745628645877
0.722254898746278	-0.457312995828407	0.277631303182388	-0.438330405717764
0.747637690502248	-0.474314883036908	0.249523535699176	-0.392175063718144
0.769566469111809	-0.489885380250548	0.219630618849904	-0.345748687776494
0.789049608432283	-0.503293100701082	0.189399866109546	-0.297026027373421
0.805265500739339	-0.514981943934882	0.158286416937461	-0.247561065099445
0.818578726173277	-0.524521106692814	0.126620591887251	-0.196910394343222
0.828379785086219	-0.532425783886323	0.0939376020585197	-0.146579136417976
0.835327270984115	-0.537978273968529	0.061166758269972	-0.0952174079190166
0.838981061914914	-0.541675459248221	0.0280485827939435	-0.0437235817334755
0.839477175768597	-0.543310412480046	-0.005185923556437	0.00806059868803402
0.836834161782453	-0.542863989610135	-0.0387392639784004	0.059216077925162
0.831042539533	-0.540360912705887	-0.0721653346611473	0.110320197513634
0.822138750551097	-0.535854380466987	-0.105049034532705	0.160974091456886
0.810227185939973	-0.529292468863389	-0.13826371788646	0.21039138262891
0.795259363720827	-0.52073035396035	-0.170451614441659	0.259516261557741
0.777378876011078	-0.510186880481312	-0.202159363223138	0.307445965948028
0.756272848053633	-0.497950008985457	-0.232927431605351	0.354742130926063
0.733019107188774	-0.483488136010114	-0.263489484551977	0.399368880064748
0.7069908494275	-0.467219192797686	-0.293163391880142	0.442634601413616
0.677967244866558	-0.449477142724792	-0.321145675851548	0.484970275313712
0.647035499763644	-0.429621402652035	-0.348768051274465	0.52452965487103
0.61325416636565	-0.40850139397098	-0.374658449691124	0.562740601550999
0.577727400460404	-0.385513407329065	-0.399416746118534	0.598395125687768
0.539760451552158	-0.361390226329479	-0.422565574826238	0.632055451859652
0.500347038544317	-0.335595869485074	-0.444521296431125	0.662894464016468
0.458936032353345	-0.308577188797615	-0.464650247591042	0.69156198867138
0.415999946863595	-0.280366101076537	-0.483343240388554	0.717438642357184
0.37186509744627	-0.250945250356255	-0.500133552806582	0.740681618498784
0.326586876446437	-0.220482574881657	-0.515255294224865	0.761078463812872
0.279179775734643	-0.189765929392855	-0.528371917011412	0.7790190383913
0.232085290767468	-0.157542288439426	-0.539735866140465	0.793726678375025
0.183327018101902	-0.125250430168384	-0.549069414039763	0.805745811495493
0.133970657696297	-0.0923966733608413	-0.556357375625103	0.814850408489693
0.0852591254508009	-0.0586852985449081	-0.561909957359764	0.820697335856531
0.0360626057483362	-0.0247353046221811	-0.565298085903396	0.823726730928312
0.0135171302756856	-0.00918587170533339	0.566668609332259	-0.823783705925024
0.0628377158869477	-0.0431722607918074	0.566007556393564	-0.820867238635836
0.111683954629682	-0.0771400742703655	0.563192730219479	-0.815101252512697
0.159883642909547	-0.111114279113007	0.558429886824811	-0.806378880680786
0.207996636446124	-0.144370884713116	0.551612288206219	-0.79474419178384
0.254797405913312	-0.177291078212442	0.542836374848882	-0.780368390996868
0.300168741583161	-0.210264644284612	0.531996571309784	-0.763326374531158
0.345125851188531	-0.241654205428022	0.519403055178428	-0.743445934894837
0.388927323655066	-0.272419761336238	0.504910710901342	-0.72082465590816
0.430899120554074	-0.302350191996831	0.48854959946365	-0.69586607775427
0.471123311112247	-0.33142598025239	0.470441868278526	-0.668493899681205
0.509768440741792	-0.359267168629719	0.45060896111544	-0.638760363932305
0.546059291957411	-0.386323026622007	0.428842334602896	-0.607180385734685
0.58078120665439	-0.411580053156147	0.40586573935898	-0.573208558428468
0.613518725125675	-0.435473325571869	0.38144456753992	-0.537082673831345
0.643975626447581	-0.457905356583133	0.35562491487079	-0.499148271435515
0.671384948279804	-0.47911656996365	0.327880546951756	-0.460634248119057
0.697120060005693	-0.498393136031958	0.299572940006607	-0.419385213747083
0.720191867442125	-0.51602581505954	0.270036795058417	-0.376989604070112
0.740814452263831	-0.531677638971116	0.239622505254993	-0.333307501431426
0.758445880521133	-0.545907872917933	0.207807869192953	-0.289068037161195
0.772531434939718	-0.558543318823001	0.173426914713771	-0.247280505258764
0.786083149693111	-0.568150942954726	0.142444959217915	-0.197451820405941
0.795685114328204	-0.57653163907621	0.109214657099361	-0.15022858135282
0.802607867485483	-0.58273926127752	0.0751479406320127	-0.102899715426741
0.80665944516476	-0.586964909552976	0.0403062923984409	-0.056108263856936
0.807874768841804	-0.589275765167749	0.00702717018824944	-0.00656119912143156
0.806373629941048	-0.589376795907467	-0.0280603640353846	0.0401145528673569
0.80212815321666	-0.587458202029351	-0.063461742975999	0.0863475179962981
0.79504939544297	-0.583580480683417	-0.0980720891993458	0.133086989188107
0.78528841087209	-0.577621836609659	-0.132133468772477	0.179487804744015
0.772785969241899	-0.569704044713979	-0.165928105754831	0.225182172695807
0.757767116661574	-0.559720256009233	-0.199469141214894	0.269655880007011
0.740088637505705	-0.547901940931742	-0.232117836134416	0.313358551672768
0.719875822379651	-0.534168936259385	-0.264172835756748	0.355886303103921
0.697206387282657	-0.518598722982572	-0.295214649360461	0.39724920246124
0.672356482437706	-0.50107263265118	-0.325695630965358	0.43678980448505
0.645368877215754	-0.481725736792431	-0.355010758122909	0.474770142753379
0.61560268410038	-0.461230547876117	-0.38274229610369	0.511671820415762
0.584342467543418	-0.438626320387605	-0.409638494524951	0.546211621527619
0.5511255690506	-0.414504621258205	-0.435059649548016	0.578938362374961
0.516304398527583	-0.388860565855529	-0.459330072696269	0.609289022304217
0.479419218608305	-0.361994914427773	-0.481737717122575	0.638001306157724
0.440979121601002	-0.334019630177177	-0.502563561747317	0.664378030470726
0.401312656139933	-0.304463656544549	-0.521939932521996	0.688352192343693
0.360187901080075	-0.274119862112233	-0.539439661320268	0.710019597550501
0.318604707699039	-0.242346321726323	-0.555364104066742	0.728923872905721
0.275368869859223	-0.210003576610859	-0.569216944587849	0.745696019378657
0.230844488318935	-0.17738838986664	-0.581143116749634	0.759945300141932
0.186968835884549	-0.143029380287757	-0.591357869045705	0.77128536969153
0.141834266029309	-0.108636758394216	-0.599431314563875	0.780232782460304
0.0960540279482114	-0.0740190396251819	-0.605481079073582	0.786566887411224
0.0505020667060402	-0.0387214710705953	-0.609586975226954	0.790160685285089
0.00528751944785368	-0.00303180244272271	-0.611594031548683	0.791148273641588
0.040877342316295	-0.0321219939654252	0.611612791952763	-0.789447283299264
0.0862939496946593	-0.067526480713659	0.609598196903261	-0.785100991580584
0.132275085645445	-0.102304884848372	0.605589427662808	-0.778009291304856
0.176793394148205	-0.137342108855201	0.599410103415069	-0.76849773509406
0.220587657335885	-0.171979190408922	0.591196515447133	-0.756472685310266
0.263184585504367	-0.206214467838669	0.581077680921481	-0.741996088899276
0.305723815744687	-0.239479963999777	0.568997546946811	-0.724861425996504
0.346487145830047	-0.27233554741108	0.554866120929005	-0.705622842059449
0.38597190099838	-0.304552248798544	0.53880670036746	-0.684076720134939
0.424563800907871	-0.335246752329024	0.52126502624493	-0.660028761816768
0.461587545606196	-0.365119493858244	0.501768766013649	-0.633918605500018
0.497245459140164	-0.393639560070822	0.480803543756571	-0.605493850028933
0.53024125793058	-0.421575666129479	0.457539415486949	-0.575999869263477
0.561892119472533	-0.447795622477984	0.43313038969415	-0.544200691002514
0.591750191015617	-0.472601336763085	0.407085857260727	-0.510647425080187
0.619957884233865	-0.495546598591075	0.380153737582562	-0.474940971282847
0.64573065232722	-0.517167126321203	0.35175243952108	-0.437995786953141
0.668987050790325	-0.537341881398332	0.321529938733488	-0.400422934992745
0.690333273571921	-0.555478004614247	0.290738415380146	-0.361047547577174
0.709200899447603	-0.572075512031612	0.258566311865584	-0.320791451140315
0.725924753968424	-0.586556627285037	0.225774439814723	-0.279303556887902
0.740095770165348	-0.599308592098552	0.19196484583893	-0.237143332991352
0.751803697366972	-0.610107194468644	0.157806367004977	-0.194055565278714
0.761071279135583	-0.618893209351846	0.122452702696478	-0.150821215667515
0.767692088134333	-0.625798998000514	0.0869289251594664	-0.107087972658555
0.77203272340827	-0.630386921006212	0.0510585117915994	-0.0630145394710162
0.773651911321222	-0.633154564856029	0.0150378882641319	-0.0187584388355933
0.772814087563638	-0.633768409084785	-0.0208890416694379	0.0256834119122692
0.769441646288523	-0.632317380473762	-0.0571783178699941	0.0697490019510288
0.763640579399794	-0.628764650528477	-0.0934736558401855	0.11300776700572
0.755259167726787	-0.623217338321888	-0.129299710860902	0.156413949348866
0.744352546528436	-0.615680119209566	-0.164551438997314	0.199499627093986
0.731212555556985	-0.605997552635007	-0.199592907991586	0.241366600580253
0.715712636961611	-0.59434929163104	-0.234228761633702	0.28220777461771
0.697972353826913	-0.580701805721251	-0.268018190501633	0.322158742991134
0.677767391103475	-0.565312690484768	-0.300847999513969	0.361307911236532
0.655672041748581	-0.547850397229879	-0.333051684652384	0.398786523436436
0.631560939865872	-0.528525448148482	-0.36438710872384	0.434757018219445
0.605166621271634	-0.507560233169745	-0.394247376834521	0.469813767425401
0.576913697327099	-0.485081808285229	-0.42289057197958	0.503020664821926
0.546962410376342	-0.46078518773685	-0.450279699666526	0.53456274137452
0.515606765022167	-0.434679846549158	-0.47661185134662	0.563954109855868
0.481796171229727	-0.4079146325938	-0.500709593570019	0.592256705163553
0.4473516998342	-0.378960528353375	-0.523944308379148	0.617857375389077
0.411065423057294	-0.349150145170164	-0.545082973085451	0.641875335674076
0.373339523110733	-0.318185157636283	-0.564670842670386	0.663718799930618
0.335113711029258	-0.285914592968934	-0.582540050898169	0.683080328590398
0.295750542598791	-0.252467157802087	-0.598575423539318	0.700356632808303
0.255460271905789	-0.218383004237337	-0.612662420771353	0.715327666955977
0.213882351450756	-0.18388529415261	-0.624679643968483	0.728159241336476
0.172490267117051	-0.14803368726249	-0.634938144590688	0.738367583070312
0.12973762578023	-0.112407030002763	-0.643027990190687	0.7463563571741
0.0881878533300976	-0.0751960046553764	-0.649197983560762	0.751738279954891
0.0449164590430659	-0.0388784264430197	-0.653080412345868	0.754954935525623
0.0025997211518898	-0.00148433491045718	-0.65501012302757	0.755614172002625
0.0406216482285002	-0.0352692492146989	0.654849994896259	-0.753841791053933
0.083093936278358	-0.0722095151861323	0.652607483645623	-0.749656358580437
0.124966733122685	-0.109331597749448	0.64815637953519	-0.743184516129091
0.166884714903187	-0.145680419209893	0.641722546273198	-0.734247152527781
0.20753799081929	-0.182353895571877	0.633086774543629	-0.723101773635218
0.247924286289818	-0.217842680229036	0.622560145218972	-0.709575211322413
0.287811599862205	-0.252730600778959	0.610054653801166	-0.693631779685882
0.326107533750337	-0.287122787570839	0.595520562096705	-0.675699372064862
0.363041222497075	-0.320852650552018	0.578854086508816	-0.655883064222288
0.399198519246605	-0.353304425431863	0.560559504023501	-0.633710949605974
0.433885657568553	-0.384869326252423	0.54033061593407	-0.609640601789791
0.467599434057117	-0.41493885106719	0.518590177132533	-0.583301592082648
0.498704555637506	-0.444517603087514	0.494470230019056	-0.556054905883071
0.528960260980185	-0.472045252851867	0.469280223049736	-0.526450751560088
0.557545772476823	-0.498064429961988	0.442717814887867	-0.495050978769637
0.58365398304509	-0.523104710665996	0.413946832287282	-0.462987591403886
0.608483328779908	-0.545977846336437	0.384631380615454	-0.428619797667581
0.631052218865048	-0.567382821896101	0.353642548690578	-0.393429508601413
0.651614962196195	-0.587063176282825	0.321605975934758	-0.356825397551553
0.670024612569265	-0.604954814791208	0.288287578405011	-0.319353977194141
0.686344048239968	-0.620946270528005	0.25402930327925	-0.28076091187769
0.700460877098153	-0.634871599063444	0.21918255508428	-0.241353723617927
0.712166817946121	-0.647024540012029	0.182782732690685	-0.201911219769594
0.721609777912833	-0.657055634344207	0.145899282344548	-0.162082143397936
0.729127834394262	-0.664823692771605	0.109831625767606	-0.119662327498273
0.734031336932213	-0.670680842648782	0.072036904163644	-0.0787139640975139
0.736547157162625	-0.674480308309101	0.0344078230064581	-0.0372920996307672
0.736875447063008	-0.676006076951655	-0.00357154191838434	0.0041956559023644
0.734736691024084	-0.67553479503981	-0.0416515131538491	0.0456057782029456
0.730347359394181	-0.67284263267815	-0.0794011694485611	0.0870113818237871
0.723738032858353	-0.667975534316148	-0.117891266429313	0.126939334522721
0.714728528557809	-0.661108437317847	-0.154934948326133	0.167612429013851
0.703606956541791	-0.65198906223512	-0.192022258662725	0.207304041470088
0.690106495758564	-0.640969636731155	-0.228594735536828	0.246283162610467
0.675059650816361	-0.627323470729377	-0.265881163007753	0.282961018639292
0.657058274439324	-0.61250503598395	-0.299817170966013	0.321281292451109
0.637382635335647	-0.595324280153238	-0.334090296711688	0.357373825672377
0.615803480668651	-0.576262811558688	-0.367401804133482	0.392075451323228
0.592124446306885	-0.555364325095617	-0.399451826463078	0.425907671722601
0.566857754875182	-0.532576838738079	-0.430536637712367	0.457899989260703
0.539644847403724	-0.508324999542299	-0.459970142870611	0.488688654644778
0.510896049820007	-0.482161118755959	-0.488408109076123	0.517651814279638
0.480627084960282	-0.454522944721922	-0.515187192001579	0.544966655054621
0.449027063611159	-0.425189010176748	-0.540571708832722	0.570413209331033
0.416002406689678	-0.394572396796719	-0.564244069080567	0.594039772929298
0.381617187721487	-0.362695954242253	-0.586088381730836	0.615889905431137
0.346020815730047	-0.329809766339914	-0.605987124123025	0.635826012762477
0.309538755547435	-0.295765374904	-0.624111680463426	0.653600192878765
0.271982401117624	-0.2606003015894	-0.6404315933056	0.669298461517622
0.233866696593012	-0.224563009921476	-0.654652143689652	0.682867771652919
0.194861052530251	-0.187888646069572	-0.666881517648798	0.694259366737952
0.155995502370194	-0.150010602322708	-0.67713990534804	0.703309157494978
0.11630289841149	-0.111648058038925	-0.685258466883957	0.710231779436173
0.0756599650362065	-0.0738519999264572	-0.691093943398888	0.71498993922639
0.0360319193667855	-0.0345133819428933	-0.694853159504579	0.717418715939383
0.00420437011135983	-0.00445125864482781	0.696357027651182	-0.717669422233701
0.0446145507102897	-0.0433343014084577	0.695754810400836	-0.715581528541966
0.0845861595312167	-0.0822710120368836	0.693033887133654	-0.711182602064058
0.12409791190531	-0.121129145708273	0.687986286305742	-0.704700154800578
0.163235812039594	-0.159545019681453	0.680845262430561	-0.695951999054877
0.201756577291645	-0.197749088342742	0.671552665053995	-0.684986568947196
0.239282914675044	-0.235371266915813	0.660003695955566	-0.672115447508873
0.276410702789247	-0.272284692096062	0.646418949181823	-0.656963250092709
0.312220270136024	-0.308564759093547	0.630699620973982	-0.639940841379112
0.34766178972002	-0.343360984672093	0.613240558714436	-0.620621085140757
0.381295479223167	-0.377668827909155	0.593691512144836	-0.599591863150992
0.414017623759898	-0.410523343377959	0.572244802877793	-0.576711259936327
0.445206766390417	-0.442433794960146	0.548850339287711	-0.552092906403549
0.475331890134234	-0.47261279256693	0.524046473857548	-0.525425575853493
0.503279373254152	-0.501813431750973	0.497150514698506	-0.497729362109801
0.529523449880079	-0.529786893497137	0.468300268347938	-0.468642317947282
0.554383353812175	-0.555718344637966	0.438375030769384	-0.437793959353878
0.577555177240759	-0.579838089850999	0.407107531934518	-0.405562898010316
0.598778283170934	-0.602374615460993	0.374387627249357	-0.372079688794869
0.618119893586651	-0.622922170124695	0.340505803538838	-0.337567126474036
0.635385523384431	-0.641607950268357	0.305461829969002	-0.3021879303644
0.650626135126012	-0.658393188630421	0.269296330867837	-0.265863738853525
0.663846896022573	-0.673121464963402	0.232112156950183	-0.228776612971371
0.674952298158937	-0.685693403432986	0.194491037084185	-0.190885274949052
0.683772718179224	-0.696310634125022	0.155491881614299	-0.153064187288371
0.690653620186093	-0.704520237207458	0.116769145300457	-0.114077951396363
0.695228378354958	-0.710688754850312	0.0769997864757021	-0.0751666717498217
0.697571342585248	-0.714632003453201	0.0371553309566593	-0.0362602127100703
0.697863941253452	-0.71621815606047	-0.00286105214172187	0.00304742648509501
0.695874565992944	-0.715643292011326	-0.0429706363748921	0.0420332179693627
0.691738890993413	-0.712756315819565	-0.0834914180768311	0.0806531093885562
0.685272943288954	-0.707803326761097	-0.122913262493948	0.119615106592399
0.67706008546023	-0.700251228459224	-0.16327167495687	0.156780795618314
0.666276554706674	-0.690901268174942	-0.201638868320935	0.195122415587534
0.653765781554032	-0.678993141257495	-0.240603727638204	0.231664548951552
0.639055117861662	-0.665163354232452	-0.278390232830018	0.267703468012461
0.62231924179687	-0.649201389048621	-0.315560844742078	0.302783207943201
0.603871754567386	-0.630985202583677	-0.351877911336479	0.336717260724214
0.583364035627719	-0.611012852946914	-0.386818806703774	0.36975790221452
0.561096798510971	-0.588919182014732	-0.420935026854531	0.401445242745275
0.537365136254444	-0.564740351826291	-0.45388633187637	0.431618168168548
0.51172525424494	-0.538908275958636	-0.485369272473956	0.460577684662799
0.484555024840679	-0.511380255989337	-0.515211634863838	0.488112315954904
0.455755596642082	-0.482226179924365	-0.54355258180838	0.514096623539212
0.426045643387791	-0.45115515622579	-0.570489405812675	0.538039006594008
0.394521251138192	-0.419038877906108	-0.595301487418895	0.560692019098182
0.362294738027436	-0.385141998028465	-0.618602425868825	0.581153338510138
0.32902755497197	-0.349878566410825	-0.639982859038547	0.599789793988128
0.294253956286149	-0.314080456904392	-0.659054298046837	0.616778329731735
0.258965046849053	-0.276763263320111	-0.676272538968101	0.631660235905751
0.222624957639452	-0.23880069826989	-0.691318528700531	0.644585949751604
0.185820291416239	-0.199866324073604	-0.704232411389005	0.655424276746381
0.148838764551796	-0.159969313145496	-0.715135186427329	0.663956705028274
0.111222719387362	-0.11961379127238	-0.723639824072514	0.670572481276877
0.0727870182276194	-0.0794488668782378	-0.729813783221371	0.675101303027483
0.0351857791344326	-0.0378278027399836	-0.733836365570772	0.677358994073636
0.00319520878932601	-0.00323686804976738	0.735475247222204	-0.67753632673788
0.0411135484431074	-0.0445409413405319	0.734793103174746	-0.675577439088771
0.0790098326608185	-0.0857553739353914	0.731847939620621	-0.671417943949343
0.11655090513948	-0.126903018399556	0.726497830432857	-0.665216064755356
0.153520806941223	-0.167710069685151	0.71885846273191	-0.656922525813382
0.189817801877807	-0.20826262976829	0.708881425864598	-0.646593383198784
0.225754179475903	-0.24781353706393	0.696830936160082	-0.6340742446333
0.260702202843036	-0.286970960259489	0.682328903544586	-0.619765517585625
0.295055716335764	-0.32497117173853	0.665864468423236	-0.603291282456425
0.32834475233243	-0.362224055272356	0.647173059123983	-0.584936311868147
0.359811309252689	-0.398908827356308	0.625972551467058	-0.565301630990839
0.390681593526376	-0.433736685165375	0.603185857482201	-0.543513754890257
0.420445435296114	-0.467278312525598	0.57845661425141	-0.519869752929218
0.448350768245621	-0.499764235060969	0.551539195041877	-0.494996782110797
0.47499662106484	-0.530439396379331	0.523051305920805	-0.468433120221293
0.500104226010766	-0.559611466489523	0.492680383184696	-0.440450689322424
0.523436756831045	-0.587221287816625	0.460541482350619	-0.411201488041418
0.545259849795339	-0.6125414383729	0.427507511582729	-0.380423461444698
0.565171966994854	-0.636271216963545	0.392532031582932	-0.348795341666533
0.583301436863506	-0.658027526701917	0.356344976864518	-0.315875711821839
0.599520113176862	-0.6776677928817	0.318919498826395	-0.282192043926771
0.613873093951529	-0.695134442066959	0.280538373997461	-0.247479600552238
0.626132096101797	-0.710467871084108	0.241293881088855	-0.21206429529146
0.636254412275849	-0.723715504840583	0.200560662891034	-0.176611470220833
0.644585434899139	-0.734433224526798	0.159699702877735	-0.140048065776796
0.650714270849872	-0.742934820621587	0.118232083031073	-0.103150203889388
0.654766599139764	-0.749079497267994	0.0762337710259222	-0.0659470968189174
0.656595854683969	-0.752932574825455	0.0334662313140601	-0.0292306814866335
0.656513972450494	-0.754218551145205	-0.00915451012031988	0.00774441929111361
0.654279803659599	-0.753135233940237	-0.0520809690019946	0.0446411311321141
0.649896701880264	-0.749680361990497	-0.0944274833586273	0.0818357019735793
0.643470338167769	-0.743823591825691	-0.136730661652868	0.118224846397675
0.635046710703242	-0.735494899334992	-0.17872644638696	0.154336598508235
0.624422667693557	-0.724929528454369	-0.220175404586235	0.189990268331502
0.61204777687701	-0.711809615101693	-0.261218336059502	0.224698846403344
0.597470934380688	-0.696678815744229	-0.301111175609104	0.258841979181876
0.581420691219566	-0.678772232492675	-0.340867161134092	0.291595292621568
0.563330766163514	-0.658948819692575	-0.379107354214856	0.32360858285837
0.543277793355868	-0.637143042238152	-0.415973586060006	0.354773108724815
0.521691858612423	-0.612920458931357	-0.451925270146096	0.38461625795625
0.498565396751387	-0.586653994819069	-0.486604462863351	0.412899179275559
0.473506090557337	-0.558947855196738	-0.519124319895432	0.440317178712322
0.447252162769729	-0.528982587007897	-0.550611105404461	0.465800747257355
0.419750498207997	-0.49713317691014	-0.580285446579981	0.489833567813438
0.390496060755876	-0.463994282735174	-0.60793370617545	0.512482917782629
0.360379980093491	-0.428908443823547	-0.633986789594535	0.533127158738226
0.329378581530527	-0.392306185107005	-0.658034269503315	0.551902624848773
0.296669863811038	-0.354912675969067	-0.679673095828562	0.569270117913837
0.263639719371152	-0.315743083839704	-0.699419538470639	0.584476443137628
0.229780550637137	-0.275627911737379	-0.716887450606769	0.597747886640106
0.195304023478439	-0.234419267155125	-0.732099161527571	0.609044139032808
0.159763853147848	-0.192725545769342	-0.744829953867637	0.618514927109116
0.124402925083109	-0.149867636591655	-0.755271868906888	0.625801891792518
0.0882648732958393	-0.106847108676054	-0.763210590593421	0.631112194396272
0.0520129192570707	-0.0632057897181408	-0.768692519534949	0.634359121308644
0.0160727078153254	-0.0190466044144796	-0.771650876154444	0.635557881120076
0.0205652221989412	-0.0246322607720727	0.772197136654878	-0.634572222451608
0.0564156184576531	-0.0689922185740095	0.770157126448858	-0.631597460690204
0.0922022809966914	-0.113081521619905	0.765572488806806	-0.626586046149519
0.127935884168291	-0.15657981066761	0.758571497698522	-0.61942267904299
0.162450884901	-0.200310413879935	0.748856592067542	-0.610490993056505
0.197655074596328	-0.242252884753768	0.737003113810613	-0.599226519396679
0.230970794035565	-0.284506306526079	0.72250346594544	-0.586257107032653
0.263758151608148	-0.325686848146604	0.705571209417545	-0.571427145702448
0.295674706850677	-0.36591116389299	0.686255119262062	-0.554742642271041
0.326626925111837	-0.404771005615638	0.664871301946209	-0.536116999034022
0.35624656609369	-0.442727153370741	0.640987152599803	-0.515961744722117
0.384733144160322	-0.479172825001523	0.615120915798315	-0.493963632782835
0.412106617040604	-0.513826711379296	0.587217790932781	-0.470452455489937
0.437566018791235	-0.547466642243383	0.556929961242424	-0.445696391168311
0.462356374504762	-0.578306360835338	0.525715533292147	-0.418821577796027
0.484606515449126	-0.60866097465838	0.491360550083794	-0.391475609627878
0.505822344673421	-0.636278856474023	0.456043045236038	-0.362377859871479
0.524807063208667	-0.662227010209157	0.418777601790236	-0.332653353499635
0.542509270351283	-0.685684727624576	0.380390069148897	-0.301369443006796
0.558179340609773	-0.707076596070279	0.340429969198134	-0.269417792801188
0.572180477246812	-0.725913962450744	0.299926278415593	-0.23601408452133
0.584121431822827	-0.742446092468742	0.258139125945976	-0.202336710260382
0.593759596112356	-0.757050351670555	0.214119457668577	-0.168751784902249
0.60195803488379	-0.768496930097397	0.171091301847806	-0.133367009045514
0.607732071833163	-0.77780881284528	0.126321979200201	-0.0985795977701886
0.611634053470629	-0.784391893445033	0.0817555713070301	-0.0628424115789963
0.613491519743814	-0.788398766187539	0.0354213753968303	-0.0282995908342684
0.613305864279357	-0.789748558823958	-0.00978854782012184	0.00757066757992594
0.610995339558512	-0.788505884983945	-0.0557347809147472	0.0428578881869909
0.606601475641117	-0.784665621846165	-0.101085791949162	0.0782059736132805
0.600275555608107	-0.778140755701472	-0.146199445860604	0.113101475170631
0.591903047625917	-0.769041616413791	-0.190740447815128	0.147796671146883
0.581681039977826	-0.757091311429651	-0.235917791586178	0.181115182966936
0.569194270259666	-0.742985365309839	-0.279229399109035	0.214526390712606
0.555271424802381	-0.72586580040375	-0.322537989590414	0.246498944973668
0.539331179580454	-0.706490352779199	-0.364325377100173	0.277957334429398
0.521346502431462	-0.68492608791301	-0.404710664344714	0.308680023105354
0.502064040382952	-0.660627952932627	-0.444279181843729	0.337814173383325
0.480821685474756	-0.634197562778072	-0.482311327134904	0.366032432799247
0.458090937717299	-0.605434685658301	-0.518981882053596	0.392758628528039
0.433853500735333	-0.574789423542026	-0.553595456840044	0.418234776949485
0.408329442481396	-0.541749403084211	-0.586874498885288	0.441987526089679
0.381354061409187	-0.507186632373382	-0.617767916239931	0.464428252212373
0.353111282009344	-0.470621515168545	-0.646873459948929	0.485162383941586
0.3239988350616	-0.432103432213453	-0.673893107466167	0.504162135089173
0.293478612433455	-0.392373050689508	-0.698522984607527	0.521516378565175
0.261992090690221	-0.351442189218198	-0.720614604447845	0.537180718110547
0.229783209726202	-0.309056148585786	-0.740511805880716	0.550750614071856
0.197226293078897	-0.265088221616279	-0.758017549670199	0.562351685754264
0.163310019144813	-0.221035295613378	-0.772713104677979	0.572178026141293
0.129928562366861	-0.17468879527435	-0.785092963773785	0.579854664308024
0.0953993816753259	-0.128887741929452	-0.794496251986541	0.585715471483921
0.0604908380898447	-0.0824095608637194	-0.801299259545602	0.589465028171399
0.0255023101754699	-0.0357103973668472	-0.805337207171948	0.591190648133157
0.00858074809068359	-0.0123733388653325	0.806645677635347	-0.590843483504507
0.043639750384753	-0.0593326365622385	0.805244716312363	-0.588350369487393
0.0780939080375929	-0.106616769821058	0.800932759144799	-0.583987089967782
0.112173066603083	-0.153510238148954	0.793910695994518	-0.577544471619122
0.145964538215836	-0.199980958301048	0.784147647647657	-0.569046954643533
0.178540972606943	-0.24649965125327	0.771395130701602	-0.558847560039802
0.210622014783382	-0.292206904103905	0.755915429667069	-0.546667499741708
0.241970088416011	-0.336617325025161	0.737895721689303	-0.532587229209898
0.272707343988078	-0.379759405055363	0.717378171149187	-0.51650949494236
0.302569871888222	-0.421490539119732	0.694414274390129	-0.498584008549545
0.331088660202763	-0.461975751700236	0.66893309066208	-0.479048248241676
0.358086022385307	-0.501613336212586	0.640467900592105	-0.458213192539336
0.384411074268695	-0.538518865175362	0.610599604763603	-0.435193842433874
0.408609844343713	-0.574532793729148	0.577715827206673	-0.411332574725241
0.431586637624985	-0.608245640343935	0.543023481120542	-0.38587007421914
0.453209224193144	-0.639618457121494	0.506653651492967	-0.358875613332267
0.473191804478365	-0.668884268102144	0.468484853528333	-0.330462243039209
0.491159760699559	-0.696146367007156	0.42805584302926	-0.30151371514543
0.507274982437501	-0.72118766755496	0.385719067521167	-0.271627026104309
0.521759577201176	-0.743349274347395	0.342500169859376	-0.240608465296525
0.534381841213639	-0.762939789383382	0.297972038186556	-0.20873808951821
0.545080991844158	-0.779911416986369	0.25211663246801	-0.176244425777084
0.553825428447602	-0.794079704112122	0.205552279178737	-0.143049218265818
0.560429854657211	-0.805621336773993	0.157469148593145	-0.109982303052503
0.56515594542136	-0.81416126331067	0.109702070731914	-0.0755357554830364
0.567826177035942	-0.819848932957623	0.060609731896442	-0.0418045476047171
0.56839905157647	-0.822638243841208	0.0113107756864615	-0.00780412007808839
0.567020750682115	-0.822415476566836	-0.0378445649821678	0.0262305375573146
0.563480982082389	-0.819336247778529	-0.0867647494536437	0.0604083947801512
0.55808279155152	-0.813175693102232	-0.13613410896969	0.0935756073813948
0.550587211847082	-0.804091245919616	-0.184970912830557	0.126794131538199
0.541151773543771	-0.792094243813392	-0.233214087733564	0.159225174487968
0.529566585539998	-0.777451974595565	-0.280000938543255	0.191643244315737
0.516350193776976	-0.759569829126906	-0.326972322161848	0.222542698389973
0.501286362527142	-0.739049259509166	-0.372375163524856	0.252695295470842
0.484247566500376	-0.715849861217369	-0.416383487227138	0.282290740369047
0.465824999108263	-0.689647172864357	-0.459573001642999	0.310139490111838
0.445315910107924	-0.661466749927088	-0.500265828609869	0.33747530231252
0.423745763355949	-0.6299060707516	-0.540416368428818	0.362778195048121
0.400335487209587	-0.596669822936311	-0.577708061191246	0.387259623653777
0.375248907771384	-0.561392745457452	-0.612810503537206	0.410475004499183
0.349293573982898	-0.523326595325429	-0.646443537560863	0.431548405796087
0.321912519535229	-0.483666136907845	-0.677339207422664	0.451277072166492
0.293442372038099	-0.441971751352388	-0.706030255211152	0.469120266057259
0.263899981030762	-0.398598464890418	-0.732089042846948	0.485305776951404
0.233772534881919	-0.353119979986661	-0.755691890882042	0.499586276557138
0.202334462769009	-0.307305486889331	-0.776101381000382	0.512143289825209
0.170533605366343	-0.259433954097193	-0.794070616068893	0.52255542251346
0.138221808731068	-0.210588495819725	-0.808963966552086	0.531153949283833
0.105489062402597	-0.160652644193827	-0.820977343060016	0.537642062909022
0.0722285891235421	-0.110508399218954	-0.829854347459165	0.542137147425272
0.0387719708073996	-0.0597410553469666	-0.835600438335747	0.544701430178817
0.00497972444853026	-0.00897243615641751	-0.83825377787037	0.545183731983896
0.0281379643818659	-0.0429951149765231	0.837800412050413	-0.543553258307555
0.0612644167672843	-0.0942626633796074	0.834203340445345	-0.539875919374605
0.0932771611682642	-0.146545514194633	0.827322423362789	-0.534192279310496
0.126453149484698	-0.196309678023669	0.817492231370567	-0.526477504693615
0.158212985124304	-0.246738561058389	0.804301025616392	-0.516902886447069
0.1897486198329	-0.295438824006184	0.788365331179561	-0.505164792058486
0.219958380639871	-0.343981367308061	0.769087263372677	-0.491731543679158
0.249183469292164	-0.391560751762707	0.746661537155617	-0.476533655939385
0.278062284376784	-0.436670650770757	0.721845219789048	-0.459281599272505
0.30533203140486	-0.480772701071236	0.69398984938152	-0.440463448492908
0.331316189375318	-0.523360146028731	0.663223845288818	-0.420068888691984
0.356053778085508	-0.563999526534677	0.629845744414301	-0.398025852706695
0.379545265338592	-0.602270237449385	0.594128310127757	-0.374469629938736
0.401256437606271	-0.638479443710135	0.555949112018496	-0.349653909008562
0.42147960524731	-0.672286622286289	0.515612149377362	-0.323310611131032
0.439916358090651	-0.703604020938833	0.472966278469509	-0.296172042964333
0.45679414995942	-0.732070359280104	0.428817442492841	-0.267446620169801
0.471773840166683	-0.757846278727197	0.382718165607834	-0.237960642265681
0.4848580024637	-0.780813404267525	0.334817505064913	-0.207702632301991
0.495919101535622	-0.800861238107316	0.285366072788841	-0.176781578594583
0.50515567553052	-0.817712533296166	0.234669424385131	-0.145238485355712
0.512388965439708	-0.831269169371649	0.183737330474355	-0.112648610901125
0.517493782706751	-0.841768510300533	0.130994669859534	-0.0804136580107501
0.520492731430608	-0.848984101210486	0.0775596087666001	-0.0479355766388552
0.521515332748801	-0.852767919390069	0.0240230752804114	-0.0152159528492853
0.520432136019927	-0.853216781204811	-0.0290637222346735	0.0180780562589886
0.517427957310954	-0.85015581658357	-0.0835019450509517	0.0503072727828089
0.512212835295277	-0.843832898470006	-0.136834962705656	0.0828265887250224
0.504997606077111	-0.834092991172997	-0.189881666478157	0.114940213450073
0.495774810201237	-0.82103605298715	-0.242348461147734	0.146199728606225
0.484708885874775	-0.804476631380674	-0.294281904849908	0.176841188625126
0.471504780656747	-0.786354181064024	-0.339974100946605	0.209160116720443
0.456533499205578	-0.761987480096119	-0.393932529530234	0.236155470946129
0.439860900297198	-0.735895110109204	-0.441854956916651	0.26409273438564
0.421372736544037	-0.706747219331529	-0.488195691947248	0.290892336146365
0.401086875736654	-0.674897977141166	-0.532208493513323	0.316853527666729
0.379477502356334	-0.639725566538226	-0.574884491344839	0.340963115796899
0.356431637847795	-0.601795154536043	-0.615344601049613	0.363524554159924
0.331243062403481	-0.562816457470443	-0.651988148874835	0.385262407375481
0.305883982483556	-0.519185303264048	-0.687931662213851	0.404514076712178
0.278586186609146	-0.474617114770779	-0.720083027224114	0.422621301996233
0.250359367028638	-0.427868563424942	-0.749497353716971	0.43875095047755
0.22124825147118	-0.379010657366691	-0.775966973399698	0.453073271134291
0.191427189573572	-0.328460960317905	-0.799292327339379	0.465403914997931
0.160688649189735	-0.276493197324578	-0.819293280647239	0.475908804437462
0.128932820167689	-0.223783506094375	-0.835907020249369	0.484310565424229
0.0972077364802721	-0.169394884477167	-0.849119062434681	0.49076760986377
0.0653371429467587	-0.113956462083086	-0.858931482195117	0.494956252001286
0.0333948450201976	-0.0574736319130947	-0.865121745797423	0.497137738367561
0.00116427422993756	-0.00155215930316837	-0.867635815916723	0.497196466404919
0.0312301254715843	-0.0547094731514442	0.866489046190979	-0.495205296459526
0.0632531949224407	-0.111020649164607	0.861660685165403	-0.491135737277855
0.0949254433469719	-0.166798605280047	0.853164776772129	-0.485053862119842
0.126105993974794	-0.222372970685336	0.841033006936642	-0.476771456187678
0.156550938227633	-0.277051788235381	0.825234231693019	-0.466607515174862
0.186418042551433	-0.330502142147164	0.805888034172691	-0.454489960092303
0.215359803627632	-0.382552991447505	0.783244175246069	-0.440229401175271
0.243310754043712	-0.433525561198935	0.756850095741524	-0.424303426017131
0.270130005082307	-0.482333787058781	0.727371771386644	-0.406588495171253
0.295423301071889	-0.529977183715572	0.694176353313033	-0.38725759957129
0.319618559910427	-0.574780135911411	0.65826356711548	-0.366279739722045
0.342259217425647	-0.617574838402999	0.619157819247765	-0.343661958795333
0.363618428071545	-0.657136858354454	0.577886903589517	-0.31937362887148
0.382989050519183	-0.694523269453826	0.533317799285337	-0.294158019328094
0.400848097289628	-0.728841102770595	0.486384166085222	-0.267473162752847
0.416899087686585	-0.759917324330933	0.437252062527371	-0.239857133901348
0.430909528010579	-0.787818815278774	0.38607180080564	-0.211203829475554
0.44307107221059	-0.812164203472874	0.333336418812238	-0.181560357624849
0.453154410481842	-0.833223772592236	0.278308442450285	-0.151438554895747
0.461321246395238	-0.850426718844009	0.222339424748257	-0.120508438306915
0.467197808120438	-0.864025171500753	0.164949850109309	-0.0893210952097451
0.471068206402047	-0.873712618812252	0.106803153587243	-0.0575681424853541
0.472889687529945	-0.879428925894291	0.048139481120228	-0.0257429230220762
0.472521666970467	-0.881228052204907	-0.0111940486897058	0.00592347233714471
0.470006634473153	-0.879031047010144	-0.070657753244957	0.0374921838500507
0.465354920011102	-0.872852458285536	-0.129723000539133	0.0688863383950755
0.458540966206046	-0.862769479575459	-0.187886988365017	0.100336867735846
0.449716104913815	-0.84861429152583	-0.246030139147539	0.130684275375049
0.438884169930731	-0.830376855900325	-0.303695120097953	0.160075721450802
0.425948330393697	-0.808807588364155	-0.358341218508005	0.189709978539819
0.411265155540388	-0.782557783955913	-0.413911966866224	0.217120174772602
0.394525111802333	-0.753167145180825	-0.466361266451692	0.244123650495188
0.376173036705219	-0.719987765648679	-0.5170153806879	0.269826907302336
0.355888819364914	-0.683797374092162	-0.564925481228845	0.294318704968049
0.33422853672098	-0.643861535036013	-0.610885831679522	0.31709952632516
0.311060243943423	-0.600600270278713	-0.654202390937901	0.338437692448889
0.286260425853781	-0.555137805883908	-0.693944943779637	0.358214181839705
0.260313163299059	-0.506258829152377	-0.731032293796145	0.376205848367153
0.233584496546984	-0.454631907100481	-0.764861173056292	0.392091185784665
0.204848131605677	-0.401825223122914	-0.794547270133029	0.406532124885641
0.176192186005728	-0.345744292103908	-0.821065099275767	0.418651765575358
0.146080657489095	-0.28881110501871	-0.843421857853765	0.428821824094726
0.116202668440605	-0.228998124141782	-0.862131675612817	0.436790307689931
0.0852546429090207	-0.168706217947035	-0.87649962383686	0.442739502757893
0.054129700608573	-0.107319730245223	-0.88664814982915	0.446550679561305
0.0227975911857008	-0.0454548057010838	-0.892541107814603	0.448089836233638
0.00843781205291423	-0.0173701009869078	0.894075964439736	-0.447498885731148
0.0396777335227606	-0.0798092506379631	0.891268590414245	-0.444630701499693
0.0707719860294003	-0.142060589757259	0.884047991316436	-0.439624002848626
0.101137184348199	-0.204023473794722	0.872422493203092	-0.432463507635215
0.131256294594489	-0.264542142678507	0.856563501516232	-0.423188146982689
0.16021857953221	-0.324982603631612	0.836077312476524	-0.411935725170241
0.188443766132773	-0.383392463774745	0.811597351220581	-0.398508350248981
0.215423310642114	-0.440356695690194	0.782829518142824	-0.383218897390354
0.241261070416567	-0.495643526104605	0.749731167964747	-0.366106223266229
0.266298388179594	-0.547428459731557	0.71342566318261	-0.347031804077578
0.289601668845149	-0.597240579246346	0.673030052706662	-0.326289920250781
0.311252329140143	-0.644257753165615	0.628964138669323	-0.304069148975667
0.331403971851962	-0.687756937109153	0.581930354912631	-0.280212178411716
0.349553312697912	-0.728403110010159	0.531206664628342	-0.25507032434973
0.366038549284623	-0.76493437849829	0.47809615677256	-0.228725254198902
0.380538361929466	-0.798021912562963	0.421687576367317	-0.201323545833188
0.393038731497433	-0.826570618331166	0.364003521035565	-0.172635468917118
0.403307590658991	-0.851416597874437	0.303024982954586	-0.143557040531392
0.411542317242271	-0.871658032523297	0.240626576017925	-0.113771905013348
0.417633082376941	-0.887327056131193	0.17691362557982	-0.0832758851414376
0.421444744730024	-0.898366991042027	0.112140892858073	-0.0523974874830265
0.422850851505248	-0.904763293973244	0.0462131939261413	-0.0215610752773649
0.422170706869557	-0.906250834638154	-0.0198618128715315	0.00931812043088151
0.419158134429753	-0.902931317010549	-0.0861151895376039	0.0400708027604556
0.413955087556184	-0.894725379423387	-0.152051585918999	0.0706257468742509
0.406456315465141	-0.88166860779273	-0.217645483041025	0.100419984879359
0.396893145611244	-0.863672706169333	-0.282350864260191	0.12970457600438
0.385024816431051	-0.84110696369309	-0.345212912871494	0.158502401073309
0.371264955754117	-0.813557721607705	-0.407135136285209	0.185814819224401
0.355329600600877	-0.781756961008941	-0.46635666609083	0.212387355658316
0.337665457897704	-0.745155663148678	-0.52379266663899	0.237415919001661
0.318105232060386	-0.704490536205448	-0.578195235854282	0.261136774446227
0.296808166495329	-0.659606753305796	-0.629757975152033	0.283246775846574
0.274060373693639	-0.610997370912457	-0.677721566716766	0.303754180738207
0.249701806654731	-0.558701500989639	-0.722179427007638	0.322425984920893
0.223894239317458	-0.503488553063706	-0.762347954662062	0.339405719687872
0.197235974661673	-0.444268151941459	-0.798931992021186	0.354163029683845
0.169117764801767	-0.383373673698291	-0.830461393919576	0.367093559127215
0.140732552744954	-0.318965757869206	-0.857867419781787	0.377516468490782
0.110886320291998	-0.253828554071171	-0.879888128705661	0.386098653290956
0.081039483624993	-0.185807491177655	-0.897297787689546	0.392128624973371
0.0507383951427548	-0.116713861224542	-0.909424096876927	0.395918302021998
0.0201172337580842	-0.0468710124835368	-0.916230024445911	0.397392686644504
0.0102919565570594	-0.0238553714929595	0.917633431097629	-0.396577713712146
0.0406779887273445	-0.0944915244503455	0.913610118502095	-0.393361417033669
0.070737498775726	-0.164449081495322	0.904200414299878	-0.387781274228434
0.100067019776395	-0.234140585979884	0.889265309620392	-0.379963138548748
0.128681613943542	-0.302952365448892	0.868849971554314	-0.369811618843803
0.156734344609886	-0.36950547085028	0.843278938871747	-0.357464240850413
0.183366099317093	-0.434486343462905	0.81234927439135	-0.343055603891434
0.208999961652895	-0.49704925030163	0.776295905656515	-0.326535948502776
0.233305170309296	-0.556464206537962	0.735515254346412	-0.308112958138342
0.255842698588422	-0.613199034165161	0.689671950808175	-0.287895915820899
0.27679356777871	-0.666099278594969	0.639466946707764	-0.266043409916209
0.296067287785498	-0.714594170154339	0.585649772766895	-0.242309052127351
0.313168608405586	-0.759569270315353	0.526946240794282	-0.217503116333274
0.328208747066395	-0.799627684641031	0.465029125328764	-0.191370052256607
0.341375322287593	-0.834353461420253	0.400624555510684	-0.163759446356388
0.352097092844485	-0.864246743264989	0.332756572532661	-0.135566468577735
0.360626018996446	-0.888648039165714	0.262507233421371	-0.106505818203351
0.366617221943462	-0.907513635664866	0.190002246706196	-0.0768762635889107
0.370370014052814	-0.920426253211275	0.115919421728954	-0.0469494702419088
0.371558308771374	-0.927320431840574	0.0417868629904649	-0.0165860771547366
0.370376299630877	-0.92816592441202	-0.0338809321234373	0.0134720403267887
0.366776046048198	-0.922855766953045	-0.109214274124631	0.0434143728987072
0.360601930619384	-0.911378096194238	-0.184529171361287	0.0728367924036752
0.35215177641817	-0.893607705777163	-0.259077697335588	0.101652059912689
0.34130921671594	-0.869929245839142	-0.331455030546645	0.129879515489609
0.328136586688325	-0.840316712552215	-0.401853858414082	0.157186766490341
0.312769024340787	-0.804645645262405	-0.470314384039053	0.183099162038297
0.295514140672969	-0.762948465913517	-0.536254500472083	0.207393687816104
0.276067253722183	-0.716436497618548	-0.597788399580977	0.230552912861181
0.254877500854818	-0.66423502415564	-0.656072194810328	0.251790721512363
0.232023899021813	-0.607209926409966	-0.709851658095452	0.271240924366248
0.207495064249711	-0.545851554356333	-0.758740388770705	0.288625884783164
0.181680129923514	-0.480437811146138	-0.802370053974796	0.303931137754206
0.154807856400834	-0.410713012428295	-0.840830387348101	0.316786377122969
0.12681938142302	-0.338022628990139	-0.873140898365068	0.327540101954433
0.0977370381747264	-0.263081694808016	-0.899120667668264	0.335883191299519
0.068521709735982	-0.185165041244534	-0.918876802875009	0.341590550123931
0.0390269863408723	-0.105139541353982	-0.931956697836772	0.344788753497274
0.00898349802070468	-0.0247967249716471	-0.938084351044054	0.34540146137538
0.0205826185902343	-0.0568697875602173	0.937218250915802	-0.343459070669488
0.0504805629264936	-0.137527293420737	0.929362315933816	-0.338856373782648
0.0792220898692357	-0.217998042057531	0.91438478413139	-0.331814979596799
0.107518544605229	-0.297374128834797	0.892297701543052	-0.322200561586576
0.134713401296017	-0.374932482437436	0.86313819204488	-0.310274708215246
0.161016664937418	-0.449237419527962	0.82757395605929	-0.295602303375102
0.185421616616703	-0.521722872221949	0.784465427489935	-0.279352934054327
0.208625701905198	-0.589216730804881	0.735786913540245	-0.260608093709871
0.229849057925878	-0.653107647039747	0.680492121577205	-0.23989640351649
0.249244126521451	-0.711724713798255	0.619758215737874	-0.217313255897467
0.266494914140473	-0.765025492300969	0.553504492920922	-0.193259497006679
0.281768253138353	-0.811804051297503	0.483303110356907	-0.16732882997159
0.294327907066047	-0.852770303998846	0.407909157075495	-0.140584534404735
0.304466130532603	-0.886816830761958	0.328854966395406	-0.11274171860007
0.311887115247592	-0.913849706768823	0.245987972846869	-0.0842321672270154
0.316869506351793	-0.932989213369334	0.161568264352176	-0.0549594362695565
0.318976358679053	-0.944414054766046	0.0754932561513562	-0.0252377502934412
0.318364169313079	-0.947877373727347	-0.0124346960060254	0.00425657239795302
0.315072304927432	-0.943134860524621	-0.100467255163828	0.0336512729442186
0.308955554817155	-0.930289003776947	-0.18757637848733	0.0626413348588421
0.300080654589482	-0.90938891788514	-0.27317671452604	0.0913119894077494
0.289029380277731	-0.8794086912507	-0.359514851464338	0.117692152098503
0.275084418704695	-0.842099935484725	-0.440999574764838	0.143929275339504
0.258711139376126	-0.797087434370624	-0.518850565390599	0.16886165676381
0.240296584210239	-0.744091660663355	-0.59324462864503	0.191431352531301
0.219544070510616	-0.684485191864692	-0.661886518138229	0.212571541671123
0.197192971453624	-0.617304914468892	-0.725615567150614	0.231369019729387
0.172686088391656	-0.544887629580504	-0.78210680993011	0.24816511412178
0.146819034437405	-0.466641550363265	-0.831772637266205	0.26238161996729
0.119975203682023	-0.383049828960238	-0.874012640990917	0.273826007572459
0.0919861694803628	-0.295166043171475	-0.908007018108017	0.282734516197459
0.0633152833951314	-0.204170886593257	-0.933209997140537	0.288833040342127
0.034126206561078	-0.110405539541191	-0.949417278108657	0.291980908439435
0.00475324309206312	-0.0152500792354218	-0.956218050573588	0.292218893161733
0.0245090800798794	-0.0804347747542394	0.953467948244389	-0.289531386337489
0.0532557954092599	-0.176351067481555	0.940980400303677	-0.283936625847697
0.0810581782900685	-0.271455528354919	0.918630047205579	-0.275427493596633
0.108310839689099	-0.363474992203884	0.886850241456269	-0.263915405532126
0.13382486218639	-0.452769533718323	0.845319336303929	-0.250051745180816
0.157953695832617	-0.537794004779189	0.794596068250918	-0.233335223908782
0.180103550474172	-0.61774409265705	0.734827628880775	-0.214437177111091
0.200143631663191	-0.691524023086123	0.666627036697564	-0.193249698947443
0.218114643855188	-0.757751732961171	0.591069461398005	-0.169927058271891
0.23312973736366	-0.816613957334867	0.507669044605185	-0.145135493220295
0.245688523263979	-0.866257694276281	0.418488325435532	-0.118753013088806
0.255223003903884	-0.906419179326039	0.323962891286739	-0.0911785868355371
0.261698885310908	-0.936708843493091	0.223910034447979	-0.0628850731284291
0.265065813592435	-0.955839440793455	0.122377438437116	-0.0336873930396211
0.265324958291597	-0.963999450928483	0.0168774857585669	-0.00478284346553332
0.262367454510802	-0.960616403763373	-0.0882319437627335	0.024383759638257
0.256256343192601	-0.945470290644852	-0.193984971063244	0.0528057485799377
0.247002484185037	-0.91843881663165	-0.298389823834023	0.0801462784100126
0.23475106908235	-0.879777193226109	-0.399437501648222	0.106459889728063
0.219603558899045	-0.829497162224637	-0.4964673321904	0.131258991493514
0.201616418803158	-0.768574712024322	-0.58727696086859	0.154108737385887
0.181269133743284	-0.696939214452871	-0.671431970996478	0.174918097501542
0.158722311049766	-0.615394117364076	-0.747561836041595	0.192998988553907
0.134143489162214	-0.52478038275357	-0.814351129846819	0.208430591587737
0.108022261574896	-0.426182827740205	-0.870606478455837	0.220779863244665
0.0807388650036937	-0.320649391396147	-0.915267139772984	0.230111421548293
0.0522592052278811	-0.209886053808996	-0.947391317129258	0.235937517392903
0.023540691443199	-0.0952532676067127	-0.966172045574564	0.238504149244582
0.00560305076921925	-0.0213833431471705	0.971125893646491	-0.237541274618184
0.0338110572938801	-0.140030920983336	0.96175496954711	-0.232971097187324
0.0619627011849399	-0.256242047116938	0.938045596345561	-0.224880181714368
0.0881747744875803	-0.371368989582477	0.899257447824451	-0.213650006442331
0.113060166942475	-0.480788839718521	0.84639101010773	-0.199202781762389
0.135925728612451	-0.583736528135428	0.779613527400527	-0.181600137432985
0.156361829966711	-0.678665037690883	0.699262611238869	-0.161234441943688
0.173963322729784	-0.762755878684011	0.60727818453666	-0.13839594814753
0.188585571514708	-0.835364346167415	0.503702224039749	-0.113516346250965
0.199646466715198	-0.894534322122735	0.390358928404627	-0.0870031142393665
0.20725727361409	-0.938817739565075	0.2686142211437	-0.0592627590594648
0.211003446535698	-0.966734721667223	0.141283747246925	-0.0306663698034423
0.210806243334999	-0.977480003841246	0.00946464401399404	-0.00199759234849751
0.206836105649479	-0.970173029482871	-0.123646854925929	0.0263547629606596
0.198894186028008	-0.944317886382977	-0.25650356096114	0.0539514173650455
0.187164803244618	-0.900021485704206	-0.385341637577119	0.0802650860996305
0.17188504597468	-0.837060542279711	-0.508812993369543	0.104376804449092
0.153292023533856	-0.75658909683237	-0.622983915804167	0.126354796998692
0.13197954598769	-0.658476015157489	-0.726583363136285	0.145145972444166
0.107417622538597	-0.547236024075061	-0.814283598681912	0.161047847673632
0.0816061819810638	-0.420217452351084	-0.887079634350807	0.172764134362651
0.0541450910711348	-0.28204022753426	-0.94073953970748	0.180362794379216
0.0256450525866695	-0.136442606346313	-0.973102760042588	0.183838964446469
0.00306532831577472	-0.0147775735408654	0.983002826518567	-0.182969041477153
0.0308915630374559	-0.169018626154872	0.969001996387053	-0.177520551891121
0.0577751479636036	-0.320548239124953	0.930477152035382	-0.167699517625428
0.0826028659098534	-0.466401798248127	0.867190634789762	-0.153709245223966
0.104943246312588	-0.602277485740682	0.779618530493068	-0.135807555515469
0.123944533485144	-0.723956393298599	0.66889153110137	-0.1144945974363
0.139081330075884	-0.826892971648776	0.537357805627621	-0.0902828100650755
0.149602963579701	-0.907546535422917	0.387169694016279	-0.0638581816635196
0.155435572019512	-0.961820441895823	0.222364197579591	-0.0359914453318382
0.156312398505624	-0.986582048704408	0.0465411756023462	-0.00749761436623608
0.151853764061824	-0.979168979193666	-0.133189926746646	0.0207120240033056
0.142173422492891	-0.937771482424588	-0.313225856479348	0.047549211566847
0.127625825056918	-0.861703577763402	-0.485771598011002	0.072142549262769
0.10858775960491	-0.751201648077674	-0.644374164980124	0.0932025637820185
0.0857255523222204	-0.608469217439295	-0.781212812277526	0.110103964693836
0.059983548574173	-0.43629050076816	-0.88947672801307	0.121998865417187
0.0320803415131165	-0.241067130032482	-0.96145551027822	0.128299619102914
0.00363590494364992	-0.0280926270232903	-0.991326227867806	0.128335086564658
0.0240118716794945	-0.192427575882812	0.97337856837398	-0.122185190135844
0.0497120012357804	-0.409323837970045	0.904425688215713	-0.109530302191397
0.071559871494432	-0.611906570840265	0.782358497429297	-0.0914588150720372
0.0883349901048057	-0.785394131829114	0.60882532004574	-0.0684449916559106
0.0985679554843048	-0.915057680313505	0.388844310815054	-0.0418796107631946
0.101433563914019	-0.985919173117375	0.13225567560222	-0.0135296881801475
0.0963404165180159	-0.984308147265218	-0.147133554495997	0.0144122348656489
0.0832067584651625	-0.898597867060936	-0.428973600823082	0.039751206977108
0.0626935812470401	-0.722430771905058	-0.686000840842092	0.0597171754106443
0.0368383657182474	-0.455663667147715	-0.886498725996561	0.0716489082902147
0.00820791876579142	-0.110448509253061	-0.991117737701572	0.0736164851553577
0.0190152295125642	-0.28197761487002	0.957075943074413	-0.0642859622858789
0.0394267323423973	-0.66692458511594	0.742782619864168	-0.0439443986470926
0.047356594027394	-0.946601994774248	0.31851013034179	-0.0159158210971269
0.0370638292657923	-0.952168114127549	-0.303091878473265	0.0117246834708517
0.00764575082667592	-0.338451325335551	-0.940718124546062	0.021015542425665
